caldpl    G  MySystem    0008 0       1       25      000 

<Short_Const>
7 7 17 14 13 0 0 0 4 1 
0 2 1 0 32 1 3 0 1 0 
2 15 0 2 1 2 2 2 0 0 
0 1 1 0 0 1 0 0 
<Double_Const>
2.500000000000000000e+01 2.500000000000000000e+01 2.981499999999999773e+02 2.981499999999999773e+02 1.000000000000000000e+00 1.000000000000000000e+00 0.000000000000000000e+00 9.999436810105460154e+02 -1.312759287632703781e+07 0.000000000000000000e+00 
0.000000000000000000e+00 0.000000000000000000e+00 0.000000000000000000e+00 0.000000000000000000e+00 0.000000000000000000e+00 0.000000000000000000e+00 0.000000000000000000e+00 0.000000000000000000e+00 0.000000000000000000e+00 0.000000000000000000e+00 
0.000000000000000000e+00 0.000000000000000000e+00 2.731499999999999773e+02 0.000000000000000000e+00 9.970334768295288086e-01 -5.295112354482547744e+03 4.124317829709301655e-04 9.931229881973175466e+00 1.0315472571693097947e+01 6.090291547212305368e-01 
1.0507751294849674721e-08 1.0000000000000000623e-09 5.550999999999999801e+01 0.000000000000000000e+00 9.970613718032836914e-01 0.000000000000000000e+00 7.824514770507812500e+01 0.000000000000000000e+00 4.273603381006819278e-07 2.488298370395948281e-06 
0.000000000000000000e+00 2.478971191406250000e+03 3.892151281728555290e+01 5.534176108600871658e+01 4.016533899999999768e+00 0.000000000000000000e+00 9.999999999999999451e-21 -3.500000000000000000e+01 -3.500000000000000000e+01 0.000000000000000000e+00 
6.400000303983688354e-02 0.000000000000000000e+00 0.000000000000000000e+00 9.988335032215474030e-01 1.000000000000000000e+00 
<EpsW>
7.8245147705e+01 
<RoW>
9.9706137180e-01 
<L1>
14 1 1 1 
<muk>
0 1 3 4 
<mui>
0 1 2 3 4 5 6 
<muj>
0 2 4 6 8 9 10 11 13 14 
15 16 17 18 19 21 22 
<DUL>
1.000000000000000000e+06 1.000000000000000000e+06 1.000000000000000000e+06 1.000000000000000000e+06 1.000000000000000000e+06 1.000000000000000000e+06 1.000000000000000000e+06 1.000000000000000000e+06 1.000000000000000000e+06 1.000000000000000000e+06 
1.000000000000000000e+06 1.000000000000000000e+06 1.000000000000000000e+06 1.000000000000000000e+06 1.000000000000000000e+06 1.999999949475750327e-04 1.000000000000000000e+06 
<DLL>
0.000000000000000000e+00 0.000000000000000000e+00 0.000000000000000000e+00 0.000000000000000000e+00 0.000000000000000000e+00 0.000000000000000000e+00 0.000000000000000000e+00 0.000000000000000000e+00 0.000000000000000000e+00 0.000000000000000000e+00 
0.000000000000000000e+00 0.000000000000000000e+00 0.000000000000000000e+00 0.000000000000000000e+00 0.000000000000000000e+00 0.000000000000000000e+00 0.000000000000000000e+00 
<Vol>
-1.564844489097595215e+01 -1.843874216079711914e+01 -1.677619218826293945e+01 -2.201374053955078125e+01 3.280668020248413086e+01 -6.057724356651306152e+00 2.421089649200439453e+01 3.739798784255981445e+01 1.734089374542236328e+01 2.526435852050781250e+01 
3.050088882446289062e+01 -4.707843065261840820e+00 -5.870894958850718926e-17 1.806839704513549805e+01 5.297999978065490722e+00 3.693399906158447266e+01 6.439000129699707031e+01 
<Pparc>
1.000000000000000000e+00 1.000000000000000000e+00 1.000000000000000000e+00 1.000000000000000000e+00 1.000000000000000000e+00 1.000000000000000000e+00 1.000000000000000000e+00 1.000000000000000000e+00 1.000000000000000000e+00 1.000000000000000000e+00 
1.000000000000000000e+00 1.000000000000000000e+00 1.000000000000000000e+00 1.000000000000000000e+00 1.000000000000000000e+00 1.000000000000000000e+00 1.000000000000000000e+00 
<MM>
1.0008699989318847656e+02 4.007799911499023438e+01 8.431400108337402344e+01 2.430500030517578125e+01 4.400960063934326172e+01 6.000900077819824219e+01 6.101695072650909424e+01 1.604260015487670898e+01 3.545299911499023438e+01 2.015899896621704102e+00 
3.199880027770996094e+01 1.700735008716583252e+01 1.007949948310852051e+00 1.801530003547668457e+01 1.201080036163330078e+01 1.0008699989318847656e+02 1.844010009765625000e+02 
<Awt>
1.2010800362e+01 4.0077999115e+01 3.5452999115e+01 1.0079499483e+00 2.4305000305e+01 1.5999400139e+01 0.0000000000e+00 
<A>
1.0000000000e+00 1.0000000000e+00 0.0000000000e+00 0.0000000000e+00 0.0000000000e+00 3.0000000000e+00 0.0000000000e+00 0.0000000000e+00 1.0000000000e+00 0.0000000000e+00 
0.0000000000e+00 0.0000000000e+00 0.0000000000e+00 2.0000000000e+00 1.0000000000e+00 0.0000000000e+00 0.0000000000e+00 0.0000000000e+00 1.0000000000e+00 3.0000000000e+00 
0.0000000000e+00 0.0000000000e+00 0.0000000000e+00 0.0000000000e+00 0.0000000000e+00 1.0000000000e+00 0.0000000000e+00 2.0000000000e+00 1.0000000000e+00 0.0000000000e+00 
0.0000000000e+00 0.0000000000e+00 0.0000000000e+00 2.0000000000e+00 0.0000000000e+00 1.0000000000e+00 0.0000000000e+00 0.0000000000e+00 0.0000000000e+00 0.0000000000e+00 
3.0000000000e+00 -2.0000000000e+00 1.0000000000e+00 0.0000000000e+00 0.0000000000e+00 1.0000000000e+00 0.0000000000e+00 3.0000000000e+00 -1.0000000000e+00 1.0000000000e+00 
0.0000000000e+00 0.0000000000e+00 4.0000000000e+00 0.0000000000e+00 0.0000000000e+00 0.0000000000e+00 0.0000000000e+00 0.0000000000e+00 1.0000000000e+00 0.0000000000e+00 
0.0000000000e+00 0.0000000000e+00 -1.0000000000e+00 0.0000000000e+00 0.0000000000e+00 0.0000000000e+00 2.0000000000e+00 0.0000000000e+00 0.0000000000e+00 0.0000000000e+00 
0.0000000000e+00 0.0000000000e+00 0.0000000000e+00 0.0000000000e+00 0.0000000000e+00 2.0000000000e+00 0.0000000000e+00 0.0000000000e+00 0.0000000000e+00 0.0000000000e+00 
1.0000000000e+00 0.0000000000e+00 1.0000000000e+00 -1.0000000000e+00 0.0000000000e+00 0.0000000000e+00 0.0000000000e+00 1.0000000000e+00 0.0000000000e+00 0.0000000000e+00 
1.0000000000e+00 0.0000000000e+00 0.0000000000e+00 0.0000000000e+00 2.0000000000e+00 0.0000000000e+00 1.0000000000e+00 0.0000000000e+00 1.0000000000e+00 0.0000000000e+00 
0.0000000000e+00 0.0000000000e+00 0.0000000000e+00 0.0000000000e+00 0.0000000000e+00 1.0000000000e+00 1.0000000000e+00 0.0000000000e+00 0.0000000000e+00 0.0000000000e+00 
3.0000000000e+00 0.0000000000e+00 2.0000000000e+00 1.0000000000e+00 0.0000000000e+00 0.0000000000e+00 1.0000000000e+00 6.0000000000e+00 0.0000000000e+00 
<XFs>
5.5347858429e+01 0.0000000000e+00 0.0000000000e+00 0.0000000000e+00 
<Falps>
-2.2214083871e-12 0.0000000000e+00 0.0000000000e+00 0.0000000000e+00 
<G>
-4.393835361736170171e+02 -2.189751662725876713e+02 -3.989631390559083570e+02 -1.791179060573884385e+02 -1.516992732572840907e+02 -2.089677894412574801e+02 -2.327510423851026644e+02 -9.841634340056433672e+00 -4.894495319638213004e+01 1.116829111743357217e+01 
1.065073774409621876e+01 -5.942510731490023090e+01 4.016533899999996216e+00 -9.567734617444621392e+01 0.000000000000000000e+00 -4.555018646099919124e+02 -8.701791321650295004e+02 
<G0>
-4.393835361736170171e+02 -2.189751662725876713e+02 -3.989631390559083570e+02 -1.791179060573884385e+02 -1.516992732572840907e+02 -2.089677894412574801e+02 -2.327510423851026644e+02 -9.841634340056433672e+00 -4.894495319638213004e+01 1.116829111743357217e+01 
1.065073774409621876e+01 -5.942510731490023090e+01 4.016533899999996216e+00 -9.567734617444621392e+01 0.000000000000000000e+00 -4.555018646099919124e+02 -8.701791321650295004e+02 
<lnGam>
0.000000000000000000e+00 -9.316594164258965027e-02 0.000000000000000000e+00 -9.316594164258965027e-02 0.000000000000000000e+00 -9.316594164258965027e-02 -2.329148541064741257e-02 0.000000000000000000e+00 -2.329148541064741257e-02 0.000000000000000000e+00 
0.000000000000000000e+00 -2.329148541064741257e-02 -2.329148541064741257e-02 0.000000000000000000e+00 0.000000000000000000e+00 0.000000000000000000e+00 0.000000000000000000e+00 
<lnGmo>
0.000000000000000000e+00 -9.316594164258965027e-02 0.000000000000000000e+00 -9.316594164258965027e-02 0.000000000000000000e+00 -9.316594164258965027e-02 -2.329148541064741257e-02 0.000000000000000000e+00 -2.329148541064741257e-02 0.000000000000000000e+00 
0.000000000000000000e+00 -2.329148541064741257e-02 -2.329148541064741257e-02 0.000000000000000000e+00 0.000000000000000000e+00 0.000000000000000000e+00 0.000000000000000000e+00 
<B>
3.309999883640557528e-04 3.309999883640557528e-04 2.000000023372194846e-07 1.106836964176732749e+02 1.0000000116860974231e-07 5.534286120880122440e+01 0.000000000000000000e+00 
<U>
-1.684507416452978816e+02 -2.795775100357004135e+02 -4.465446099918141698e+01 -4.661974895162744304e+01 -2.468764580131877722e+02 -2.437854648804292257e+00 2.375225342016975105e+01 
<U_r>
-4.175845357097105007e+05 -6.930645931435930542e+05 -1.106971223847446818e+05 -1.155690146016761573e+05 -6.119996272511071292e+05 -6.043371443221641130e+03 5.888115195958138065e+04 
<C>
-2.128575779720455474e-11 -3.252606517456513302e-19 1.058791184067875424e-22 -4.078515303262975067e-12 -2.128575767322010709e-11 -6.306827616034925421e-11 5.698707966431402542e-16 
<XF>
5.534211403549089426e+01 0.000000000000000000e+00 1.999999949051101133e-04 0.000000000000000000e+00 
<YF>
5.534211403546961350e+01 0.000000000000000000e+00 1.999999949051101133e-04 0.000000000000000000e+00 
<Falp>
3.555108018391743040e-11 0.000000000000000000e+00 1.735683539905608086e-01 0.000000000000000000e+00 
<X>
6.493023006933106896e-06 1.245069704520128612e-04 2.883955263204752066e-09 9.713733166307821076e-08 2.241180052342950708e-08 3.738139738256546576e-05 8.710029859941823850e-05 0.000000000000000000e+00 2.000000023372193787e-07 0.000000000000000000e+00 
9.999998332281255869e-06 8.714524175939164681e-05 1.195583562701724711e-10 5.534176108600871658e+01 0.000000000000000000e+00 1.999999949051101133e-04 0.000000000000000000e+00 
<Y>
6.493023006933106896e-06 1.245069704520128612e-04 2.862669505531645697e-09 9.713733166307821076e-08 2.241180052342950708e-08 3.738139738256546576e-05 8.710029859941823850e-05 0.000000000000000000e+00 2.000000023372193787e-07 0.000000000000000000e+00 
9.999998332281255869e-06 8.714524175939164681e-05 1.195589258544398505e-10 5.534176108600871658e+01 0.000000000000000000e+00 1.999999949051101133e-04 0.000000000000000000e+00 
<XY>
0.000000000000000000e+00 0.000000000000000000e+00 0.000000000000000000e+00 0.000000000000000000e+00 0.000000000000000000e+00 0.000000000000000000e+00 0.000000000000000000e+00 0.000000000000000000e+00 0.000000000000000000e+00 0.000000000000000000e+00 
0.000000000000000000e+00 0.000000000000000000e+00 0.000000000000000000e+00 0.000000000000000000e+00 0.000000000000000000e+00 0.000000000000000000e+00 0.000000000000000000e+00 
<MU>
1.645897627529142195e-10 -1.645965964294687152e-10 2.210906124714167196e-11 -2.210906124451235883e-11 5.128290888279675140e-13 4.606965714606645224e-11 -2.332881479675400047e-10 0.000000000000000000e+00 -2.842170976254287277e-21 0.000000000000000000e+00 
9.755988162865025316e-14 -2.322630854707993048e-10 -6.115161192470215508e-16 2.320038493105834876e-10 0.000000000000000000e+00 6.841483983954234870e-15 0.000000000000000000e+00 
<EMU>
2.851809160600940800e-12 -1.587861675115778042e-12 3.846213330314915666e-13 -3.820427430584435091e-13 8.885659429603607861e-15 1.177737175349489638e-12 -3.821053748042640562e-12 6.305116999999999543e-16 5.075163385091584778e-16 6.305116999999999543e-16 
1.683809993113466008e-15 -3.803178953634751727e-12 -1.0292058361206983754e-17 4.071998294108425398e-11 6.305116999999999543e-16 1.735683539905608086e-01 4.083250264369433645e-04 
<NMU>
-1.595829220899988421e+01 -1.300468373633633767e+01 -2.367763730419587631e+01 -2.016089192902293092e+01 -2.162719044082805198e+01 -1.420786980435587132e+01 -1.336198684820029392e+01 -3.450881031117512521e+02 -1.943848249276408069e+01 -1.0440778902068845468e+02 
-1.552645979691048162e+01 -1.336147097549628704e+01 -2.686075070125272290e+01 -6.377572288235149045e-06 -1.684507416452978816e+02 1.600489825806903354e-01 -7.803447067280217198e+00 
<W>
6.493016240468218600e-06 1.245069772187586891e-04 2.861760577879381826e-09 9.713824059073036255e-08 2.241177944046562753e-08 3.738139548859154899e-05 8.710030819014876488e-05 0.000000000000000000e+00 2.000000023372194846e-07 0.000000000000000000e+00 
9.999998328270463384e-06 8.714525130798073908e-05 1.195589509945353288e-10 5.534176108599918109e+01 0.000000000000000000e+00 4.274618853328249202e-14 0.000000000000000000e+00 
<F>
-4.553418409761484895e+02 -2.320730018733739826e+02 -4.226484892900652426e+02 -1.993717235687542484e+02 -1.733264738250292396e+02 -2.232688136644723329e+02 -2.461363052851230577e+02 0.000000000000000000e+00 -6.840671441935116092e+01 0.000000000000000000e+00 
-4.875709307364574308e+00 -7.280985435536061346e+01 -2.286749041669117588e+01 -9.567735255206336831e+01 0.000000000000000000e+00 -4.555018646099919124e+02 0.000000000000000000e+00 
<F0>
0.000000000000000000e+00 -9.316594164258965027e-02 0.000000000000000000e+00 -9.316594164258965027e-02 0.000000000000000000e+00 -9.316594164258965027e-02 -2.329148541064741257e-02 0.000000000000000000e+00 -2.329148541064741257e-02 0.000000000000000000e+00 
0.000000000000000000e+00 -2.329148541064741257e-02 -2.329148541064741257e-02 0.000000000000000000e+00 0.000000000000000000e+00 0.000000000000000000e+00 0.000000000000000000e+00 
<YOF>
0.000000000000000000e+00 0.000000000000000000e+00 0.000000000000000000e+00 0.000000000000000000e+00 
<lnGmM>
0.000000000000000000e+00 0.000000000000000000e+00 0.000000000000000000e+00 0.000000000000000000e+00 0.000000000000000000e+00 0.000000000000000000e+00 0.000000000000000000e+00 0.000000000000000000e+00 0.000000000000000000e+00 0.000000000000000000e+00 
0.000000000000000000e+00 0.000000000000000000e+00 0.000000000000000000e+00 0.000000000000000000e+00 0.000000000000000000e+00 0.000000000000000000e+00 0.000000000000000000e+00 
<GEX>
0.000000000000000000e+00 0.000000000000000000e+00 0.000000000000000000e+00 0.000000000000000000e+00 0.000000000000000000e+00 0.000000000000000000e+00 0.000000000000000000e+00 0.000000000000000000e+00 0.000000000000000000e+00 0.000000000000000000e+00 
0.000000000000000000e+00 0.000000000000000000e+00 0.000000000000000000e+00 0.000000000000000000e+00 0.000000000000000000e+00 0.000000000000000000e+00 0.000000000000000000e+00 
<FVOL>
9.999362942109219148e+02 0.000000000000000000e+00 7.386799624142236474e-03 0.000000000000000000e+00 
<FWGT>
9.970134409072120434e+02 0.000000000000000000e+00 2.001739946870545114e-02 0.000000000000000000e+00 
<Y_la>
-5.186236965888050498e+00 -3.943962561447974302e+00 -8.538705937666088986e+00 -7.051864284418745576e+00 -7.648208181321681564e+00 -4.466499630404948462e+00 -4.068791240270213550e+00 -1.481255029130420269e+02 -6.707779762524800127e+00 -4.359937081794692659e+01 
-4.998694532600706175e+00 -4.068567199601961448e+00 -9.931229881973175466e+00 -2.769744446956947760e-06 -7.315722741690973408e+01 6.950838982445894932e-02 -3.388993994095434115e+00 
<Y_w>
6.518138736525465049e-01 5.004937794063585521e+00 2.438861876977216933e-04 2.367995032811998253e-03 9.892889605853879848e-04 2.249939883036417232e+00 5.330514524527397491e+00 0.000000000000000000e+00 7.111839835787506052e-03 0.000000000000000000e+00 
3.209464750253859244e-01 1.486549302368543435e+00 1.208698238942458122e-07 9.999849445850164784e+02 0.000000000000000000e+00 2.007695823048877948e+00 0.000000000000000000e+00 
<Fx>
-1.128779243182968581e+06 -5.753022892244303366e+05 -1.047714277290482656e+06 -4.942373233319443534e+05 -4.296712785961537738e+05 -5.534769539585381280e+05 -6.101648166006329702e+05 -8.798605941164152464e+05 -1.695782743443260842e+05 -2.311380292033523146e+05 
-1.208674288644328226e+04 -1.804935380044791673e+05 -5.668786264209476940e+04 -2.371814006465739512e+05 -4.175845357097105007e+05 -1.128779243182968581e+06 -2.176493520473450888e+06 
<Wx>
1.173251712569044957e-07 2.249768962063258857e-06 5.211140400880370684e-11 1.755215415167986745e-09 4.049682762219170084e-10 6.754602355557429690e-07 1.573852031448614732e-06 9.999999999999999451e-21 3.613884395687511755e-09 9.999999999999999451e-21 
1.806941875380520901e-07 1.574664128361728423e-06 2.160350365248058770e-12 9.999936224069440049e-01 1.000000000000000000e+00 1.000000000000000000e+00 1.000000000000000000e+00 
<VL>
-1.5958316803e+01 -1.3004683495e+01 -2.3677637100e+01 -2.0160675049e+01 -2.1627212524e+01 -1.4207871437e+01 -1.3361984253e+01 -4.6051700592e+01 -1.9438482285e+01 -4.6051700592e+01 
-1.5526459694e+01 -1.3361468315e+01 -2.6860750198e+01 -6.3776133175e-06 0.0000000000e+00 0.0000000000e+00 0.0000000000e+00 
<Gamma>
1.000000000000000000e+00 9.110423078948890474e-01 1.000000000000000000e+00 9.110423078948890474e-01 1.000000000000000000e+00 9.110423078948890474e-01 9.769776675287906720e-01 1.000000000000000000e+00 9.769776675287906720e-01 1.000000000000000000e+00 
1.000000000000000000e+00 9.769776675287906720e-01 9.769776675287906720e-01 1.000000000000000000e+00 1.000000000000000000e+00 1.000000000000000000e+00 1.000000000000000000e+00 
<lnGmf>
0.000000000000000000e+00 0.000000000000000000e+00 0.000000000000000000e+00 0.000000000000000000e+00 0.000000000000000000e+00 0.000000000000000000e+00 0.000000000000000000e+00 0.000000000000000000e+00 0.000000000000000000e+00 0.000000000000000000e+00 
0.000000000000000000e+00 0.000000000000000000e+00 0.000000000000000000e+00 0.000000000000000000e+00 0.000000000000000000e+00 0.000000000000000000e+00 0.000000000000000000e+00 
<BF>
1.310000147447034366e-04 1.309999934589459647e-04 2.000000023372193787e-07 1.106836964176773534e+02 1.0002128692628296242e-07 5.534226120887957734e+01 -5.698707966431402542e-16 
<XFA>
5.534176108600871658e+01 
<YFA>
5.534176108600871658e+01 
<LsMod>
0 
<LsMdc>
0 
<PMc>

<DMc>

<PUL>
1.000000000000000000e+06 
<PLL>
0.000000000000000000e+00 
<Y_m>
6.512570941523573572e-06 1.248818118951825938e-04 2.892637716476019334e-09 9.742977390509934876e-08 2.247927362651550964e-08 3.749393804508189296e-05 8.736252328859822526e-05 0.000000000000000000e+00 2.006021235617409296e-07 0.000000000000000000e+00 
1.0030104388134667378e-05 8.740760175472264194e-05 1.199182993853620359e-10 1.000000000000000000e+00 0.000000000000000000e+00 2.006023392044840013e-04 0.000000000000000000e+00 
<IC_m>
1.313944041865466818e-04 1.313943828367061665e-04 2.006021235617409296e-07 1.747702449616202517e-04 1.0032241162157536726e-07 5.016285438170055896e-04 -5.715905041543610214e-16 
<IC_lm>
-3.881423122005372761e+00 -3.881423192572446723e+00 -6.697664459946697235e+00 -3.757532497233060376e+00 -6.998602021952044616e+00 -3.299617752257493652e+00 0.000000000000000000e+00 
<IC_wm>
1.578128197587742431e-03 5.265944676868181996e-03 7.111839835787506025e-06 1.761570072185648580e-04 2.438299534914320629e-06 8.025634962515390547e-03 -0.000000000000000000e+00 
<Aalp>
0.0000000000e+00 0.0000000000e+00 0.0000000000e+00 0.0000000000e+00 
<Xr0h0>
0.0000000000e+00 0.0000000000e+00 0.0000000000e+00 0.0000000000e+00 0.0000000000e+00 0.0000000000e+00 0.0000000000e+00 0.0000000000e+00 
<Sigw>
0.0000000000e+00 0.0000000000e+00 0.0000000000e+00 0.0000000000e+00 
<Sigg>
0.0000000000e+00 0.0000000000e+00 0.0000000000e+00 0.0000000000e+00 
<EZ>
0.000000000000000000e+00 2.000000000000000000e+00 0.000000000000000000e+00 2.000000000000000000e+00 0.000000000000000000e+00 -2.000000000000000000e+00 -1.000000000000000000e+00 0.000000000000000000e+00 -1.000000000000000000e+00 0.000000000000000000e+00 
0.000000000000000000e+00 -1.000000000000000000e+00 1.000000000000000000e+00 0.000000000000000000e+00 0.000000000000000000e+00 0.000000000000000000e+00 0.000000000000000000e+00 
<Xcond>
0.0000000000e+00 0.0000000000e+00 0.0000000000e+00 0.0000000000e+00 
<Xeps>
0.0000000000e+00 0.0000000000e+00 0.0000000000e+00 0.0000000000e+00 
<Wb>
0.0000000000e+00 0.0000000000e+00 0.0000000000e+00 0.0000000000e+00 0.0000000000e+00 0.0000000000e+00 0.0000000000e+00 0.0000000000e+00 0.0000000000e+00 0.0000000000e+00 
0.0000000000e+00 0.0000000000e+00 0.0000000000e+00 0.0000000000e+00 
<Wabs>
0.0000000000e+00 0.0000000000e+00 0.0000000000e+00 0.0000000000e+00 0.0000000000e+00 0.0000000000e+00 0.0000000000e+00 0.0000000000e+00 0.0000000000e+00 0.0000000000e+00 
0.0000000000e+00 0.0000000000e+00 0.0000000000e+00 0.0000000000e+00 
<Rion>
0.0000000000e+00 0.0000000000e+00 0.0000000000e+00 0.0000000000e+00 0.0000000000e+00 0.0000000000e+00 0.0000000000e+00 0.0000000000e+00 0.0000000000e+00 0.0000000000e+00 
0.0000000000e+00 0.0000000000e+00 0.0000000000e+00 0.0000000000e+00 
<Qp>
0.000000000000000000e+00 0.000000000000000000e+00 0.000000000000000000e+00 0.000000000000000000e+00 0.000000000000000000e+00 0.000000000000000000e+00 0.000000000000000000e+00 0.000000000000000000e+00 0.000000000000000000e+00 0.000000000000000000e+00 
0.000000000000000000e+00 0.000000000000000000e+00 0.000000000000000000e+00 0.000000000000000000e+00 0.000000000000000000e+00 0.000000000000000000e+00 0.000000000000000000e+00 0.000000000000000000e+00 0.000000000000000000e+00 0.000000000000000000e+00 
0.000000000000000000e+00 0.000000000000000000e+00 0.000000000000000000e+00 0.000000000000000000e+00 0.000000000000000000e+00 0.000000000000000000e+00 0.000000000000000000e+00 0.000000000000000000e+00 0.000000000000000000e+00 0.000000000000000000e+00 
0.000000000000000000e+00 0.000000000000000000e+00 0.000000000000000000e+00 0.000000000000000000e+00 0.000000000000000000e+00 0.000000000000000000e+00 0.000000000000000000e+00 0.000000000000000000e+00 0.000000000000000000e+00 0.000000000000000000e+00 
0.000000000000000000e+00 0.000000000000000000e+00 0.000000000000000000e+00 0.000000000000000000e+00 0.000000000000000000e+00 0.000000000000000000e+00 0.000000000000000000e+00 0.000000000000000000e+00 0.000000000000000000e+00 0.000000000000000000e+00 
0.000000000000000000e+00 0.000000000000000000e+00 0.000000000000000000e+00 0.000000000000000000e+00 0.000000000000000000e+00 0.000000000000000000e+00 0.000000000000000000e+00 0.000000000000000000e+00 0.000000000000000000e+00 0.000000000000000000e+00 
<Qd>
0.000000000000000000e+00 0.000000000000000000e+00 0.000000000000000000e+00 0.000000000000000000e+00 0.000000000000000000e+00 0.000000000000000000e+00 0.000000000000000000e+00 0.000000000000000000e+00 0.000000000000000000e+00 0.000000000000000000e+00 
0.000000000000000000e+00 0.000000000000000000e+00 0.000000000000000000e+00 0.000000000000000000e+00 0.000000000000000000e+00 0.000000000000000000e+00 0.000000000000000000e+00 0.000000000000000000e+00 0.000000000000000000e+00 0.000000000000000000e+00 
0.000000000000000000e+00 0.000000000000000000e+00 0.000000000000000000e+00 0.000000000000000000e+00 0.000000000000000000e+00 0.000000000000000000e+00 0.000000000000000000e+00 0.000000000000000000e+00 0.000000000000000000e+00 0.000000000000000000e+00 
0.000000000000000000e+00 0.000000000000000000e+00 0.000000000000000000e+00 0.000000000000000000e+00 0.000000000000000000e+00 0.000000000000000000e+00 0.000000000000000000e+00 0.000000000000000000e+00 0.000000000000000000e+00 0.000000000000000000e+00 
0.000000000000000000e+00 0.000000000000000000e+00 0.000000000000000000e+00 0.000000000000000000e+00 0.000000000000000000e+00 0.000000000000000000e+00 0.000000000000000000e+00 0.000000000000000000e+00 0.000000000000000000e+00 0.000000000000000000e+00 
0.000000000000000000e+00 0.000000000000000000e+00 0.000000000000000000e+00 0.000000000000000000e+00 0.000000000000000000e+00 0.000000000000000000e+00 0.000000000000000000e+00 0.000000000000000000e+00 0.000000000000000000e+00 0.000000000000000000e+00 