
<NodeHandle>  0
<NodeTypeHY>  0
<NodeTypeMT>  0
<NodeStatusFMT>  1
<NodeStatusCH>  1
<IterDone>  125
<TK>  298.15
<P>  100000
<Vs>  0.00111257
<Vi>  0
<Ms>  1.10948
<Mi>  0
<Hs>  0
<Hi>  0
<Gs>  -5892.12
<IS>  0.000779658
<pH>  9.33096
<pe>  10.9157
<Eh>  0.644469
<Tm>  0
<dt>  0
<Dif>  0
<Vt>  0
<vp>  0
<eps>  0
<Km>  0
<Kf>  0
<S>  0
<Tr>  0
<h>  0
<rho>  0
<al>  0
<at>  0
<av>  0
<hDl>  0
<hDt>  0
<hDv>  0
<nto>  0
<bIC>
0.0026 0.0025 2e-007 110.683696417673 1e-007 55.3495682088366 0 
<rMB>
0 0 0 0 4.22464372480351e-021 4.57053627330351e-015 1.92154973818238e-020 
<uIC>
-166.140382689178 -282.047904571692 -36.3305996106207 -46.6197499112028 -242.986711260516 -2.43786075440632 25.1344264781253 
<bSP>
0.00235588022910343 0.00235588022910343 0 0 0 0.00706764068731028 0 
<xDC>
0.000192225543544076 6.21855895195574e-008 8.67112064027277e-005 6.13792008144413e-007 2.5129338081435e-007 2.73177744242771e-005 0.000247229856933629 0 0.000232137757955169 0 1.1125507616069e-005 2.45468480801489e-005 5.34326229805039e-010 61.5704791530353 0 0.00235588022910343 0 0 0 
<gam>
0.880874497885116 0.96878746123022 0.880874497885116 0.96878746123022 0.999999999910835 0.880874497885116 0.96878746123022 0.999999999910835 0.96878746123022 0.999999999910835 0.999999999910835 0.96878746123022 0.96878746123022 1.00000029889331 1 1 1 1 1 
<dll>
0 0 0 0 0 0 0 0 0 0 0 0 0 0 0 0 0 0 0 
<dul>
1000000 1000000 1000000 1000000 1000000 1000000 1000000 1000000 1000000 1000000 1000000 1000000 1000000 1000000 1000000 1000000 1000000 1000000 1000000 
<aPH>
0 0 0 0 0 0 
<xPH>
61.5713013753356 0 0.00235588022910343 0 0 0 
<vPS>
0.00111248449816955 
<mPS>
1.1092462347518 
<xPA>
61.5704791530353 
<bPS>
0.00027479892473872 0.000192287729133595 0.000232137757955169 123.141230759288 8.73249984108721e-005 61.5713507723571 -1.92154973818238e-020 
