
<Name>
'Test S mode (initial 2.5 mmol/L calcite)  1 to 96 C' 
<Note>
'`' 
<PvPGD>  '+'
<PvFDL>  '+'
<PvSFL>  '-'
<PvGrid>  '-'
<PvDDc>  '-'
<PvDIc>  '-'
<PvnVTK>  '+'
<PsMode>  'S'
<PsSIA>  '-'
<PsSdat>  '+'
<PsSdef>  '-'
<PsScom>  '-'
<PsMO>  '+'
<PsVTK>  '+'
<PsMPh>  '1'
<nC>  21
<nIV>  2
<nMGP>  1
<nFD>  21
<nSFD>  0
<nEl>  0
<nPTypes>  0
<nProps>  0
<Nsd>  0
<bTau>  0
<ntM>  100
<nVTKfld>  5
<nPai>  21
<nTai>  21
<Lsf>  23
<Nf>  7
<FIf>  6
<Tau>
0 10 0.1 
<sizeLc>
0 0 0 
<InpSys>  0
<Vsysb>  0
<Mwatb>  1
<Maqb>  1
<Vaqb>  1
<Pgb>  0
<Tmolb>  0
<WmCb>  0
<Asur>  0
<tf>  0
<Vt>  0
<vp>  0
<eps>  1e-009
<Km>  1e-012
<al>  0
<Dif>  0
<nto>  0
<cdv>  0
<cez>  0
<mtWrkS>
1002 0 20 2 0 0 
20 0 0 0 100 0 
<mtWrkF>
25 1 0 9.99999999999998 0.1 9.89999999999998 
0 99.3410000000071 0 0 

<END_DIM>

<DiCp>
0 3 
1 0 
1 0 
1 0 
1 0 
1 0 
1 0 
1 0 
1 0 
1 0 
1 0 
1 0 
1 0 
1 0 
1 0 
1 0 
1 0 
1 0 
1 0 
1 0 
1 -3 
<FDLi>
0 1 
1 2 
2 3 
3 4 
4 5 
5 6 
6 7 
7 8 
8 9 
9 10 
10 11 
11 12 
12 13 
13 14 
14 15 
15 16 
16 17 
17 18 
18 19 
19 20 
20 -1 
<FDLf>
0 1 0 0 
0 1 0 0 
0 1 0 0 
0 1 0 0 
0 1 0 0 
0 1 0 0 
0 1 0 0 
0 1 0 0 
0 1 0 0 
0 1 0 0 
0 1 0 0 
0 1 0 0 
0 1 0 0 
0 1 0 0 
0 1 0 0 
0 1 0 0 
0 1 0 0 
0 1 0 0 
0 1 0 0 
0 1 0 0 
0 1 0 0 
<FDLid>
'qj' 'qj' 'qj' 'qj' 'qj' 'qj' 'qj' 'qj' 'qj' 'qj' 'qj' 'qj' 'qj' 'qj' 'qj' 'qj' 'qj' 'qj' 'qj' 'qj' 'qj' 
<FDLop>
'' '' '' '' '' '' '' '' '' '' '' '' '' '' '' '' '' '' '' '' '' 
<FDLmp>
'aq' 'aq' 'aq' 'aq' 'aq' 'aq' 'aq' 'aq' 'aq' 'aq' 'aq' 'aq' 'aq' 'aq' 'aq' 'aq' 'aq' 'aq' 'aq' 'aq' 'aq' 
<PGT>
1 
0 
0 
0 
0 
0 
<MGPid>
'aq' 
<UMGP>
'M' 'M' 'M' 'M' 'M' 'M' 
<MB>
1.20497251999189e-006 4.01677169666276e-009 0.000568517816464101 0.11181337030866 0.000194875272157376 0.887422027613427 0 
1.33921499150558e-005 2.03392418856424e-005 0.000568502716045441 0.111813701992173 0.0002071998609941 0.887473363098193 0 
3.21648070408974e-005 5.16827941109472e-005 0.000568351711858848 0.111817018827305 0.000226128229509904 0.887574707761422 0 
3.20402399082899e-005 5.16176144461716e-005 0.000567589140716555 0.111833768844723 0.000225653926398576 0.887707148030619 0 
3.19299338378094e-005 5.20649001454272e-005 0.000564996398832755 0.111890718903944 0.000224269483508125 0.888158696661053 0 
3.17518705476938e-005 5.40347416861952e-005 0.000558320088481972 0.112037365306437 0.000220422874295295 0.889321857886731 0 
3.14882778069467e-005 6.07192308231256e-005 0.000544433362952343 0.112342389823623 0.000211069005140454 0.891741659951682 0 
3.12310598922464e-005 8.08713498716453e-005 0.000520131593275493 0.112876182728698 0.000189985663908261 0.895977129078282 0 
3.10582345161747e-005 0.000135056490173711 0.000483331770621976 0.11368449769924 0.000144143994491172 0.902391705362319 0 
3.10310761690447e-005 0.000163672230363031 0.000434112007822897 0.114765618972341 0.000109840243318533 0.910972016360279 0 
3.10661674211988e-005 0.000154742767092945 0.000375048292464003 0.116062964500061 9.50524668616535e-005 0.921268660029324 0 
3.1108650237117e-005 0.000145128351354557 0.000310668842722808 0.117477071125277 7.88703728629747e-005 0.932492018546125 0 
3.11569938355922e-005 0.000135619641555943 0.000246289392981613 0.118891177750493 6.26360341469232e-005 0.943715400484098 0 
3.12099016844352e-005 0.000126922733857525 0.000186738401971007 0.120199226378817 4.75760192614706e-005 0.954097061506118 0 
3.12666990253544e-005 0.000119524395621761 0.00013543293279264 0.121326160581681 3.45666948223164e-005 0.963041306590001 0 
3.13275160807841e-005 0.000113645944465371 9.40220898129574e-005 0.122235757473993 2.40401734164768e-005 0.970260649959839 0 
3.13909941469069e-005 0.000109266758649644 6.25498491483987e-005 0.12292705111215 1.60213065542566e-005 0.975747419884675 0 
3.14547278180229e-005 0.000106200600179805 3.99291761707471e-005 0.123423918414575 1.02450378067884e-005 0.979691108135547 0 
3.15134501870238e-005 0.000104172779787782 2.44938934330555e-005 0.123762957279759 6.29536640854473e-006 0.982382156289581 0 
3.15614395715462e-005 0.000102895830894987 1.44609596535559e-005 0.123983332542129 3.72300576852408e-006 0.984131376832289 0 
3.15965621323084e-005 0.00010212547317507 8.22997972734041e-006 0.124120197178759 2.12243411302572e-006 0.985217756108132 0 
<dMB>
0 0 0 0 0 0 0 
-1.92643301142703e-006 -3.21626248561983e-006 1.67782429548154e-008 -3.6853723696384e-007 -1.94208360537363e-006 -1.06234443080222e-005 0 
2.11808924276115e-009 -2.19876747224682e-008 1.6778242954772e-007 -3.68537236920818e-006 7.52127917198341e-008 -2.92408361315388e-005 0 
1.32486907791089e-008 -1.36395694962911e-007 8.47301269215521e-007 -1.86111304642939e-005 4.00367631888266e-007 -0.000147656022664089 0 
5.16574093261465e-008 -6.15282894774376e-007 2.88082431533249e-006 -6.3277843578402e-005 1.46652847260399e-006 -0.000502004054387828 0 
1.25343250816801e-007 -2.30968100167539e-006 7.41812261198125e-006 -0.000162940447214641 4.2006499968779e-006 -0.00129269110960695 0 
1.68683942547411e-007 -7.63442209127835e-006 1.5429695032921e-005 -0.000338916130206438 1.02675258320752e-005 -0.0026891652832477 0 
1.35418268147298e-007 -2.26421386595793e-005 2.70019663076119e-005 -0.000593103227861408 2.32737811567178e-005 -0.00470667776156519 0 
5.87873997491311e-008 -4.26137609597738e-005 4.08886918372409e-005 -0.000898127745047245 3.99970570814049e-005 -0.00712783944623185 0 
-3.66911849216042e-008 8.37023656881851e-006 5.46886253323097e-005 -0.00120124585900064 1.36219004253993e-005 -0.00953394610459557 0 
-4.64904199027677e-008 9.89659916430062e-006 6.56263503987716e-005 -0.00144149503080081 1.64308627298662e-005 -0.0114407451602848 0 
-5.50611142570172e-008 1.06564633920499e-005 7.15327219346612e-005 -0.00157122958357289 1.79801044429765e-005 -0.0124704297545011 0 
-6.25697947369305e-008 1.0535686529849e-005 7.15327219346611e-005 -0.00157122958357279 1.80381541289461e-005 -0.0124704597610908 0 
-6.96047526253064e-008 9.62713210169237e-006 6.61677677895614e-005 -0.00145338736480484 1.67333498727251e-005 -0.0115352221458382 0 
-7.66232481837171e-008 8.17527825422736e-006 5.70060768648529e-005 -0.00125214911429328 1.44548049323935e-005 -0.00993810410293205 0 
-8.34143544874049e-008 6.47875751427938e-006 4.60120477552027e-005 -0.00101066321367971 1.16961348953774e-005 -0.00802155593320042 0 
-8.77783084952385e-008 4.80821129677628e-006 3.49691562939541e-005 -0.000768104042396564 8.90985206913356e-006 -0.00609647995147167 0 
-8.63471685599315e-008 3.35501517249163e-006 2.51340810862795e-005 -0.000552074780472464 6.41807638607581e-006 -0.00438193790402197 0 
-7.64400464874518e-008 2.21578473129618e-006 1.71503141529907e-005 -0.000376709850204784 4.38852377582627e-006 -0.00299009823442453 0 
-6.00418022639118e-008 1.39640772481586e-006 1.1147704199444e-005 -0.000244861402633106 2.85817848891184e-006 -0.00194360523666404 0 
-4.20687522792415e-008 8.45796763457365e-007 6.92331102912836e-006 -0.000152071818477539 1.77841295055373e-006 -0.00120710024760495 0 
<xFlds>
6 0 
7 0 
16 0 
18 0 
17 0 
<nam_i>
'MgCl2-f(0)' 'CalcCol(1)' 
