
<nIC>  9
<nDC>  60
<nPH>  21
<nPS>  3
<nDCs>  42
<nICb>  9
<nDCb>  60
<nPHb>  21
<nPSb>  3
<nTp>  1
<nPp>  1
<iGrd>  0
<fAalp>  1
<mLook>  0

<END_DIM>

<xic>
0 1 2 3 4 5 6 7 8 
<xdc>
0 1 2 3 4 5 6 7 8 9 10 11 12 13 14 15 16 17 18 19 20 21 22 23 24 25 26 27 28 29 30 31 32 33 34 35 36 37 38 39 
40 41 42 43 44 45 46 47 48 49 50 51 52 53 54 55 56 57 58 59 
<xph>
0 1 2 3 4 5 6 7 8 9 10 11 12 13 14 15 16 17 18 19 20 
<ICNL>
'Al' 'Ca' 'Cl' 'H' 'K' 'Na' 'O' 'Si' 'Zz' 
<ccIC>
'e' 'e' 'e' 'h' 'e' 'e' 'o' 'e' 'z' 
<ICmm>
0.0269815006256104 0.0400779991149902 0.0354529991149902 0.00100794994831085 0.0390983009338379 0.0229897994995117 0.015999400138855 0.0280855007171631 0 
<DCNL>
'Al(OH)2+' 'Al(OH)3@' 'Al(OH)4-' 'Al+3' 'AlOH+2' 'Ca+2' 'CaCl+' 'CaCl2@' 'CaHSiO3+' 'CaOH+' 'K+' 'KAlO2@' 'KCl@' 'KOH@' 'Na+' 'NaAl(OH)4@' 'NaCl@' 'NaHSiO3@' 'NaOH@' 'HSiO3-' 'SiO2@' 'ClO-' 'HClO@' 'ClO2-' 'HClO2@' 'ClO3-' 'ClO4-' 'Cl-' 'HCl@' 'H2@' 'O2@' 'H2O2@' 'HO2-' 'OH-' 'H+' 'H2O@' 'Albite' 'Anorthite' 'Sanidine' 'Albite' 
'Anorthite' 'Sanidine' 'Analcite' 'Andalusite' 'Coesite' 'Cristobalite' 'Halite' 'Jadeite' 'Kalsilite' 'Kaolinite' 'Kyanite' 'Leucite' 'Nepheline' 'Quartz' 'Sillimanite' 'Stishovite' 'Sylvite' 'Topaz-OH' 'Tridymite' 'Wollastonite' 
<ccDC>
'S' 'S' 'S' 'S' 'S' 'S' 'S' 'S' 'S' 'S' 'S' 'S' 'S' 'S' 'S' 'S' 'S' 'S' 'S' 'S' 'S' 'S' 'S' 'S' 'S' 'S' 'S' 'S' 'S' 'S' 'S' 'S' 'S' 'S' 'T' 'W' 'J' 'J' 'M' 'M' 
'M' 'J' 'O' 'O' 'O' 'O' 'O' 'O' 'O' 'O' 'O' 'O' 'O' 'O' 'O' 'O' 'O' 'O' 'O' 'O' 
<DCmm>
0.060996200799942 0.0780035508871079 0.0950109009742737 0.0269815006256104 0.0439888507127762 0.0400779991149902 0.0755309982299805 0.110983997344971 0.117169650197029 0.0570853492021561 0.0390983009338379 0.0980786018371582 0.0745513000488281 0.0561056510210037 0.0229897994995117 0.118000700473785 0.058442798614502 0.100081450581551 0.0399971495866775 0.0770916510820389 0.060084300994873 0.0514523992538452 0.0524603492021561 0.0674517993927002 0.0684597493410111 0.0834511995315552 0.0994505996704102 0.0354529991149902 0.0364609490633011 0.0020158998966217 0.03199880027771 0.0340147001743317 0.0330067502260208 0.0170073500871658 0.00100794994831085 0.0180153000354767 0.262223003387451 0.278207202911377 0.278331504821777 0.262223003387451 
0.278207202911377 0.278331504821777 0.220154002428055 0.162045502662659 0.060084300994873 0.060084300994873 0.058442798614502 0.202138702392578 0.158162902832031 0.258160403728485 0.162045502662659 0.218247203826904 0.142054401397705 0.060084300994873 0.162045502662659 0.060084300994873 0.0745513000488281 0.180060802698135 0.060084300994873 0.116161700248718 
<PHNL>
'aq_gen' 'Alkali feldspar' 'Plagioclase' 'Analcite' 'Andalusite' 'Coesite' 'Cristobalite' 'Halite' 'Jadeite' 'Kalsilite' 'Kaolinite' 'Kyanite' 'Leucite' 'Nepheline' 'Quartz' 'Sillimanite' 'Stishovite' 'Sylvite' 'Topaz-OH' 'Tridymite' 'Wollastonite' 
<ccPH>
'a' 's' 's' 's' 's' 's' 's' 's' 's' 's' 's' 's' 's' 's' 's' 's' 's' 's' 's' 's' 's' 
<nDCinPH>
36 3 3 1 1 1 1 1 1 1 1 1 1 1 1 1 1 1 1 1 1 
<A>
1 0 0 2 0 0 2 0 1 
1 0 0 3 0 0 3 0 0 
1 0 0 4 0 0 4 0 -1 
1 0 0 0 0 0 0 0 3 
1 0 0 1 0 0 1 0 2 
0 1 0 0 0 0 0 0 2 
0 1 1 0 0 0 0 0 1 
0 1 2 0 0 0 0 0 0 
0 1 0 1 0 0 3 1 1 
0 1 0 1 0 0 1 0 1 
0 0 0 0 1 0 0 0 1 
1 0 0 0 1 0 2 0 0 
0 0 1 0 1 0 0 0 0 
0 0 0 1 1 0 1 0 0 
0 0 0 0 0 1 0 0 1 
1 0 0 4 0 1 4 0 0 
0 0 1 0 0 1 0 0 0 
0 0 0 1 0 1 3 1 0 
0 0 0 1 0 1 1 0 0 
0 0 0 1 0 0 3 1 -1 
0 0 0 0 0 0 2 1 0 
0 0 1 0 0 0 1 0 -1 
0 0 1 1 0 0 1 0 0 
0 0 1 0 0 0 2 0 -1 
0 0 1 1 0 0 2 0 0 
0 0 1 0 0 0 3 0 -1 
0 0 1 0 0 0 4 0 -1 
0 0 1 0 0 0 0 0 -1 
0 0 1 1 0 0 0 0 0 
0 0 0 2 0 0 0 0 0 
0 0 0 0 0 0 2 0 0 
0 0 0 2 0 0 2 0 0 
0 0 0 1 0 0 2 0 -1 
0 0 0 1 0 0 1 0 -1 
0 0 0 1 0 0 0 0 1 
0 0 0 2 0 0 1 0 0 
1 0 0 0 0 1 8 3 0 
2 1 0 0 0 0 8 2 0 
1 0 0 0 1 0 8 3 0 
1 0 0 0 0 1 8 3 0 
2 1 0 0 0 0 8 2 0 
1 0 0 0 1 0 8 3 0 
1 0 0 2 0 1 7 2 0 
2 0 0 0 0 0 5 1 0 
0 0 0 0 0 0 2 1 0 
0 0 0 0 0 0 2 1 0 
0 0 1 0 0 1 0 0 0 
1 0 0 0 0 1 6 2 0 
1 0 0 0 1 0 4 1 0 
2 0 0 4 0 0 9 2 0 
2 0 0 0 0 0 5 1 0 
1 0 0 0 1 0 6 2 0 
1 0 0 0 0 1 4 1 0 
0 0 0 0 0 0 2 1 0 
2 0 0 0 0 0 5 1 0 
0 0 0 0 0 0 2 1 0 
0 0 1 0 1 0 0 0 0 
2 0 0 2 0 0 6 1 0 
0 0 0 0 0 0 2 1 0 
0 1 0 0 0 0 3 1 0 

<Ttol>  1
<TKval>
673.15 
<Psat>
1e-05 

<Ptol>  50000
<Pval>
50000000 
<denW>
577.991203938277 
-2.82639549712378 
-0.0266530537457313 
0.411925579847386 
0 
<denWg>
577.991204258629 
-2.82639549109626 
-0.0266530535870405 
0.411925578483688 
0 
<epsW>
12.2630928233121 
-0.109834958358815 
-0.000165819390393567 
0.0129109578062983 
0 
<epsWg>
12.2630928333529 
-0.109834958217768 
-0.000165819387514881 
0.0129109577680876 
0 
<V0>
-0.000285766012206448 
2.97748067950671e-05 
-0.00038635645617081 
-0.00167201981593256 
-0.000940621522503403 
-0.000705736025403141 
-0.000255966239312319 
4.89953699214242e-05 
-0.00032778644810367 
-0.000233944169472753 
-8.58839498987396e-05 
5.17446856524092e-05 
5.46948198329714e-05 
2.82764486776203e-05 
-0.000170307983086851 
5.65314700313038e-05 
4.02950583072279e-05 
2.89363020766455e-05 
1.6792988120537e-05 
-0.00070290556521368 
-3.5068983424635e-05 
-0.000663350412985774 
9.30237009571521e-05 
-0.000523474116753637 
0.000168694330139116 
-0.000396842820571131 
-0.000352004164446705 
-0.000635263428297151 
4.71343353823106e-05 
0.00010249971070309 
0.00017381678787308 
0.00010012729722517 
-0.000701521861134173 
-0.000817627093756841 
0 
3.11688147293263e-05 
0.00010132187482655 
0.000101311541033942 
0.000109634493307496 
0.00010132187482655 
0.000101311541033942 
0.000109634493307496 
9.82511231864014e-05 
5.19360060661386e-05 
2.07038768194301e-05 
2.61195517606584e-05 
2.84215908233738e-05 
6.0941844123644e-05 
6.10460657392688e-05 
0.000100278285099932 
4.44844001885621e-05 
9.0525606705678e-05 
5.55145565219996e-05 
2.31623790411208e-05 
5.01424316067025e-05 
1.40781940532671e-05 
3.92650122657552e-05 
5.38028309830979e-05 
2.70081361566848e-05 
4.02731851592315e-05 
<G0>
-890075.44123874 
-1137746.5153311 
-1357121.0597249 
-315121.35945924 
-607185.17549373 
-513467.7367866 
-694843.16344733 
-838794.0276728 
-1583933.4055259 
-724868.2357611 
-320569.64204926 
-1162964.7802565 
-462915.20786846 
-470104.60749884 
-289043.23410054 
-1679115.9714905 
-439336.80313819 
-1319385.6417851 
-436435.07088002 
-995556.03386033 
-858069.794424 
-22062.19500644 
-141628.41272188 
3639.0644639232 
-84055.437025574 
-50068.571475766 
-64139.485452078 
-117227.90675924 
-157072.24960932 
-28810.350676881 
-59573.123049993 
-196839.57863682 
-39926.532055018 
-117884.60641191 
0 
-275614.82565861 
-3827877.7943204 
-4120723.1798917 
-3866286.1295058 
-3827877.7943204 
-4120723.1798917 
-3866286.1295058 
-3214355.2954998 
-2498766.8548173 
-874315.88483161 
-878435.98898994 
-418952.75097983 
-2928536.9326069 
-2077073.6945626 
-3917953.1157251 
-2497208.7304188 
-2969335.7240911 
-2048212.0224195 
-880099.32610738 
-2497637.4760651 
-833825.0215976 
-446860.79739698 
-2757988.8671925 
-878822.65842315 
-1594901.7301248 
<H0>
0 
0 
0 
0 
0 
0 
0 
0 
0 
0 
0 
0 
0 
0 
0 
0 
0 
0 
0 
0 
0 
0 
0 
0 
0 
0 
0 
0 
0 
0 
0 
0 
0 
0 
0 
0 
0 
0 
0 
0 
0 
0 
0 
0 
0 
0 
0 
0 
0 
0 
0 
0 
0 
0 
0 
0 
0 
0 
0 
0 
<S0>
0 
0 
0 
0 
0 
0 
0 
0 
0 
0 
0 
0 
0 
0 
0 
0 
0 
0 
0 
0 
0 
0 
0 
0 
0 
0 
0 
0 
0 
0 
0 
0 
0 
0 
0 
0 
0 
0 
0 
0 
0 
0 
0 
0 
0 
0 
0 
0 
0 
0 
0 
0 
0 
0 
0 
0 
0 
0 
0 
0 
<Cp0>
0 
0 
0 
0 
0 
0 
0 
0 
0 
0 
0 
0 
0 
0 
0 
0 
0 
0 
0 
0 
0 
0 
0 
0 
0 
0 
0 
0 
0 
0 
0 
0 
0 
0 
0 
0 
0 
0 
0 
0 
0 
0 
0 
0 
0 
0 
0 
0 
0 
0 
0 
0 
0 
0 
0 
0 
0 
0 
0 
0 
<A0>
0 
0 
0 
0 
0 
0 
0 
0 
0 
0 
0 
0 
0 
0 
0 
0 
0 
0 
0 
0 
0 
0 
0 
0 
0 
0 
0 
0 
0 
0 
0 
0 
0 
0 
0 
0 
0 
0 
0 
0 
0 
0 
0 
0 
0 
0 
0 
0 
0 
0 
0 
0 
0 
0 
0 
0 
0 
0 
0 
0 
<U0>
0 
0 
0 
0 
0 
0 
0 
0 
0 
0 
0 
0 
0 
0 
0 
0 
0 
0 
0 
0 
0 
0 
0 
0 
0 
0 
0 
0 
0 
0 
0 
0 
0 
0 
0 
0 
0 
0 
0 
0 
0 
0 
0 
0 
0 
0 
0 
0 
0 
0 
0 
0 
0 
0 
0 
0 
0 
0 
0 
0 
