
<ID_key>  "Node:0:time:0:dt:0"
<pa_PE>  1
<PV>  1
<PSOL>  0
<PAalp>  '+'
<PSigm>  '+'
<Lads>  0
<FIa>  0
<FIat>  0

<END_DIM>

<pa_DB>  1e-17
<pa_DHB>  1e-13
<pa_EPS>  1e-10
<pa_DK>  4e-05
<pa_DS>  1e-20
<pa_DF>  0.01
<pa_DFM>  0.01
<pa_DP>  130
<pa_IIM>  7000
<pa_PD>  2
<pa_PRD>  -5
<pa_AG>  1
<pa_DGC>  0
<pa_PSM>  1
<pa_GAR>  1
<pa_GAH>  1000
<pa_XwMin>  1e-13
<pa_ScMin>  1e-13
<pa_DcMin>  1e-33
<pa_PhMin>  1e-20
<pa_ICmin>  1e-05
<pa_PC>  2
<pa_DFYw>  1e-05
<pa_DFYaq>  1e-05
<pa_DFYid>  1e-05
<pa_DFYr>  1e-05
<pa_DFYh>  1e-05
<pa_DFYc>  1e-05
<pa_DFYs>  1e-06
<pa_DW>  1
<pa_DT>  0
<pa_GAS>  0.001
<pa_DG>  1000
<pa_DNS>  12.05
<pa_IEPS>  0.001
<pKin>  1
<pa_DKIN>  1e-10
<pa_PLLG>  13000
<tMin>  0
<sMod>
'HNNSNNNN' 'VNNSNNNN' 'VNNSNNNN' 
<LsMod>
2 0 4 
3 2 3 
3 2 3 
<IPxPH>
0 1 0 2 1 2 0 1 0 2 1 2 
<PMc>
0.0299999993294477 3.72000002861023 1 1 0 0 0 0 3100 0 0 25100 -10.8000001907349 0.342999994754791 40000 0 0 3100 0 0 25100 -10.8000001907349 0.342999994754791 40000 0 0 
<LsMdc>
0 0 0 
1 0 0 
1 0 0 
<DMc>
0.64300000667572 1 1 0.64300000667572 1 1 
<LsMdc2>
0 0 0 
0 0 0 
0 0 0 
<LsPhl>
0 0 
0 0 
0 0 
0 0 
0 0 
0 0 
0 0 
0 0 
0 0 
0 0 
0 0 
0 0 
0 0 
0 0 
0 0 
0 0 
0 0 
0 0 
0 0 
0 0 
0 0 
<SorMc>
0 0 0 0 0 0 0 0 0 0 0 0 0 0 0 0 
0 0 0 0 0 0 0 0 0 0 0 0 0 0 0 0 
0 0 0 0 0 0 0 0 0 0 0 0 0 0 0 0 
<LsISmo>
0 0 0 0 
0 0 0 0 
0 0 0 0 
<LsESmo>
0 0 0 0 
0 0 0 0 
0 0 0 0 
<kMod>
'NNNNNN' 'NNNNNN' 'NNNNNN' 'NNNNNN' 'NNNNNN' 'NNNNNN' 'NNNNNN' 'NNNNNN' 'NNNNNN' 'NNNNNN' 'NNNNNN' 'NNNNNN' 'NNNNNN' 'NNNNNN' 'NNNNNN' 'NNNNNN' 'NNNNNN' 'NNNNNN' 'NNNNNN' 'NNNNNN' 'NNNNNN' 
<LsKin>
0 0 0 0 0 0 
0 0 0 0 0 0 
0 0 0 0 0 0 
0 0 0 0 0 0 
0 0 0 0 0 0 
0 0 0 0 0 0 
0 0 0 0 0 0 
0 0 0 0 0 0 
0 0 0 0 0 0 
0 0 0 0 0 0 
0 0 0 0 0 0 
0 0 0 0 0 0 
0 0 0 0 0 0 
0 0 0 0 0 0 
0 0 0 0 0 0 
0 0 0 0 0 0 
0 0 0 0 0 0 
0 0 0 0 0 0 
0 0 0 0 0 0 
0 0 0 0 0 0 
0 0 0 0 0 0 
<PfFact>
1 
1 
1 
1 
1 
1 
1 
1 
1 
1 
1 
1 
1 
1 
1 
1 
1 
1 
1 
1 
1 
<LsUpt>
0 0 
0 0 
0 0 
<B>
0.29442571790996 1.78324960377229e-08 0.01 1.11026667785195 0.0872223855045395 0.178347345796736 3.15066041476453 1.01307661056411 0 
<Pparc>
500 500 500 500 500 500 500 500 500 500 500 500 500 500 500 500 500 500 500 500 500 500 500 500 500 500 500 500 500 500 500 500 500 500 500 500 500 500 500 500 
500 500 500 500 500 500 500 500 500 500 500 500 500 500 500 500 500 500 500 500 
<fDQF>
0 0 0 0 0 0 0 0 0 0 0 0 0 0 0 0 0 0 0 0 0 0 0 0 0 0 0 0 0 0 0 0 0 0 0 0 0 0 0 0 
0 0 0 0 0 0 0 0 0 0 0 0 0 0 0 0 0 0 0 0 
<lnGmf>
0 0 0 0 0 0 0 0 0 0 0 0 0 0 0 0 0 0 0 0 0 0 0 0 0 0 0 0 0 0 0 0 0 0 0 0 6.90775527898214 6.90775527898214 0 0 
0 6.90775527898214 0 0 0 0 0 0 0 0 0 0 0 0 0 0 0 0 0 0 
<RLC>
'B' 'B' 'B' 'B' 'B' 'B' 'B' 'B' 'B' 'B' 'B' 'B' 'B' 'B' 'B' 'B' 'B' 'B' 'B' 'B' 'B' 'B' 'B' 'B' 'B' 'B' 'B' 'B' 'B' 'B' 'B' 'B' 'B' 'B' 'B' 'B' 'B' 'B' 'B' 'B' 
'B' 'B' 'B' 'B' 'B' 'B' 'B' 'B' 'B' 'B' 'B' 'B' 'B' 'B' 'B' 'B' 'B' 'B' 'B' 'B' 
<RSC>
'M' 'M' 'M' 'M' 'M' 'M' 'M' 'M' 'M' 'M' 'M' 'M' 'M' 'M' 'M' 'M' 'M' 'M' 'M' 'M' 'M' 'M' 'M' 'M' 'M' 'M' 'M' 'M' 'M' 'M' 'M' 'M' 'M' 'M' 'M' 'M' 'M' 'M' 'M' 'M' 
'M' 'M' 'M' 'M' 'M' 'M' 'M' 'M' 'M' 'M' 'M' 'M' 'M' 'M' 'M' 'M' 'M' 'M' 'M' 'M' 
<DLL>
0 0 0 0 0 0 0 0 0 0 0 0 0 0 0 0 0 0 0 0 0 0 0 0 0 0 0 0 0 0 0 0 0 0 0 0 0 0 0 0 
0 0 0 0 0 0 0 0 0 0 0 0 0 0 0 0 0 0 0 0 
<DUL>
1000000 1000000 1000000 1000000 1000000 1000000 1000000 1000000 1000000 1000000 1000000 1000000 1000000 1000000 1000000 1000000 1000000 1000000 1000000 1000000 1000000 1000000 1000000 1000000 1000000 1000000 1000000 1000000 1000000 1000000 1000000 1000000 1000000 1000000 1000000 1000000 1000000 1000000 1000000 1000000 
1000000 1000000 1000000 1000000 1000000 1000000 1000000 1000000 1000000 1000000 1000000 1000000 1000000 1000000 1000000 1000000 1000000 1000000 1000000 1000000 
<Aalp>
0 0 0 0 0 0 0 0 0 0 0 0 0 0 0 0 0 0 0 0 0 
<Sigw>
0 0 0 0 0 0 0 0 0 0 0 0 0 0 0 0 0 0 0 0 0 
<Sigg>
0 0 0 0 0 0 0 0 0 0 0 0 0 0 0 0 0 0 0 0 0 
<YOF>
0 0 0 0 0 0 0 0 0 0 0 0 0 0 0 0 0 0 0 0 0 
<dcMod>
'HKF' 'HKF' 'HKF' 'HKF' 'HKF' 'HKF' 'HKF' 'HKF' 'HKF' 'HKF' 'HKF' 'HKF' 'HKF' 'HKF' 'HKF' 'HKF' 'HKF' 'HKF' 'HKF' 'HKF' 'HKF' 'HKF' 'HKF' 'HKF' 'HKF' 'HKF' 'HKF' 'HKF' 'HKF' 'HKF' 'HKF' 'HKF' 'HKF' 'HKF' 'HKF' 'HWF' 'CHE' 'CHE' 'CSE' 'CHE' 
'CHE' 'CSE' 'CSE' 'CSE' 'CSE' 'CSE' 'CSE' 'CSE' 'CSE' 'CSE' 'CSE' 'CHE' 'CHE' 'CHE' 'CHE' 'CSE' 'CSE' 'CSE' 'CSE' 'CSE' 
