
<NodeHandle>  0
<NodeTypeHY>  0
<NodeTypeMT>  0
<NodeStatusFMT>  1
<NodeStatusCH>  1
<IterDone>  91
<TK>  673.15
<P>  1e+08
<Vs>  0
<Vi>  0
<Ms>  0.902949
<Mi>  0
<Hs>  0
<Hi>  0
<Gs>  -1647.06
<Tm>  0
<dt>  0
<Dif>  0
<Vt>  0
<vp>  0
<eps>  0
<Km>  0
<Kf>  0
<S>  0
<Tr>  0
<h>  0
<rho>  0
<al>  0
<at>  0
<av>  0
<hDl>  0
<hDt>  0
<hDv>  0
<nto>  0
<bIC>
3.89 5.4 4 0.27 0.42 23 3.71 
<rMB>
8.88178419700125e-16 0 -2.22044604925031e-16 0 -5.55111512312578e-17 -8.88178419700125e-16 6.66133814775094e-16 
<uIC>
-81.0794047266564 -7.82873241042726 -3.43619589474375 -56.0889152384245 -48.8468534906975 -42.1377418049488 -73.0399093000507 
<bSP>
3.89 5.4 2.1914570962212 0.27 0.42 22.110293331846 3.71 
<xDC>
0.0145647837354493 0 0.889706668153951 0.00847926102888435 0.261520738971116 0.00860654652871895 0.411393453471281 0.405728548110599 0 0 0 0 0.521357259447004 0.660780158763962 1.35378462497149 
<gam>
1 1 1 0.473104641546411 0.865047379523064 0.725056447924421 0.855409717174176 0.47270440857562 1 1 1 1 1 1 1 
<dll>
0 0 0 0 0 0 0 0 0 0 0 0 0 0 0 
<dul>
1000000 1000000 1000000 1000000 1000000 1000000 1000000 1000000 1000000 1000000 1000000 1000000 1000000 1000000 1000000 
<aPH>
0 0 0 0 0 0 0 0 0 
<xPH>
0.904271451889401 1.0957285481106 0 0 0 0 0.521357259447004 0.660780158763962 1.35378462497149 
<vPS>
2.39581433595996e-05 0.000147293328682254 
<mPS>
0.0160576937163843 0.414768643566676 
<xPA>
0 0 
<amru>
1000000 1000000 
<amrl>
0 0 
<omPH>
-9.65066624628661e-10 0.11709899673175 -2.31594404370765 -2.45053433705642 -0.136140096930048 -0.159870882072475 -9.08263781888032e-09 -2.20497285578904e-08 8.10767037100305e-09 
<bPS>
0 0 1.8085429037788 0 0 0.889706668153951 0 
2.84728548110599 0.0170858075576033 2.1914570962212 0.27 0.42 13.1487425773272 3.71 
