<ID_key> "BermanMSS G  MuscovNoMg  0    0       1000    400     1   "

<pa_PE>  1
<PV>  1
<PSOL>  0
<PAalp>          '+'
<PSigm>          '+'

<Lads>  0
<FIa>  0
<FIat>  0

<END_DIM>

<pa_DB>  1e-17
<pa_DHB>  1e-14
<pa_EPS>  1e-10
<pa_DK>  1e-05
<pa_DS>  1e-20
<pa_DF>  0.01
<pa_DFM>  0.001
<pa_DP>  130
<pa_IIM>  7000
<pa_PD>  2
<pa_PRD>  -4
<pa_AG>  1
<pa_DGC>  -0.001
<pa_PSM>  1
<pa_GAR>  1
<pa_GAH>  1000
<pa_XwMin>  1e-11
<pa_ScMin>  1e-11
<pa_DcMin>  1e-30
<pa_PhMin>  1e-20
<pa_ICmin>  1e-05
<pa_PC>  2
<pa_DFYw>  1e-05
<pa_DFYaq>  1e-05
<pa_DFYid>  1e-05
<pa_DFYr>  1e-05
<pa_DFYh>  1e-05
<pa_DFYc>  1e-05
<pa_DFYs>  1e-06
<pa_DW>  1
<pa_DT>  0
<pa_GAS>  0.001
<pa_DG>  1000
<pa_DNS>  12.05
<pa_IEPS>  0.001
<pKin>  1
<pa_DKIN>  1e-10
<pa_PLLG>  30000
<tMin>  0
<sMod>
'INNINNNN' 'BNNSNNNN' 
<LsMod>
0 0 0 
8 4 3 
<IPxPH>
0 0 0 26736 0 0 26736 26736 0 0 0 8302 0 0 8302 8302 0 26736 26736 8302 0 26736 8302 8302 0 0 26736 8302 1 4 2 -1 
<PMc>
19460 -1.64999997615814 -0.46000000834465 12230 -5 0.670000016689301 35000 25 -0.850000023841858 45000 10 -0.850000023841858 40000 5 0 40000 5 0 95840 19.1299991607666 -0.745000004768372 0 0 0 
<LsMdc>
0 0 0 
0 4 8 
<MoiSN>
1 0 0 0 0 0 0 0 0 1 1 0 0 0 0 0 0 0 0 2 0 0 0 0 0 0 0 0 2 0 0 0 1 0 0 0 0 0 0 0 
0 2 0 0 0 0 0 0 0 0 0 1 0 1 0 0 0 0 0 0 2 0 0 0 0 0 0 0 0 0 1 0 0 1 1 0 0 0 0 0 
0 0 0 2 0 0 0 0 0 0 0 0 2 0 0 0 0 0 0 0 0 0 1 0 0 2 0 0 0 0 0 0 0 0 0 1 0 1 0 0 
0 0 0 0 2 0 0 0 0 0 0 0 0 0 0 1 0 2 0 0 0 0 0 0 0 0 0 2 0 0 0 0 0 0 0 0 2 0 0 0 
<LsMdc2>
0 0 0 
0 0 0 
<LsPhl>
0 0 
0 0 
0 0 
0 0 
0 0 
0 0 
0 0 
0 0 
0 0 
<SorMc>
0 0 0 0 0 0 0 0 0 0 0 0 0 0 0 0 
0 0 0 0 0 0 0 0 0 0 0 0 0 0 0 0 
<LsISmo>
0 0 0 0 
0 0 0 0 
<LsESmo>
0 0 0 0 
0 0 0 0 
<kMod>
'NNNNNN' 'NNNNNN' 'NNNNNN' 'NNNNNN' 'NNNNNN' 'NNNNNN' 'NNNNNN' 'NNNNNN' 'NNNNNN' 
<LsKin>
0 0 0 0 0 0 
0 0 0 0 0 0 
0 0 0 0 0 0 
0 0 0 0 0 0 
0 0 0 0 0 0 
0 0 0 0 0 0 
0 0 0 0 0 0 
0 0 0 0 0 0 
0 0 0 0 0 0 
<PfFact>
1 
1 
1 
1 
1 
1 
1 
1 
1 
<LsUpt>
0 0 
0 0 
<B>
3.89 5.4 4 0.27 0.42 23 3.71 
<Pparc>
1000 1000 1000 1000 1000 1000 1000 1000 1000 1000 1000 1000 1000 1000 1000 
<fDQF>
0 0 0 0 0 0 0 0 0 0 0 0 0 0 0 
<lnGmf>
0 0 0 0 0 0 0 0 0 0 0 0 0 0 0 
<RLC>
'B' 'B' 'B' 'B' 'B' 'B' 'B' 'B' 'B' 'B' 'B' 'B' 'B' 'B' 'B' 
<RSC>
'M' 'M' 'M' 'M' 'M' 'M' 'M' 'M' 'M' 'M' 'M' 'M' 'M' 'M' 'M' 
<DLL>
0 0 0 0 0 0 0 0 0 0 0 0 0 0 0 
<DUL>
1000000 1000000 1000000 1000000 1000000 1000000 1000000 1000000 1000000 1000000 1000000 1000000 1000000 1000000 1000000 
<Aalp>
0 0 0 0 0 0 0 0 0 
<Sigw>
0 0 0 0 0 0 0 0 0 
<Sigg>
0 0 0 0 0 0 0 0 0 
<YOF>
0 0 0 0 0 0 0 0 0 
<dcMod>
'CSN' 'CSN' 'HWG' 'CSE' 'CSE' 'CSE' 'CSE' 'CSE' 'CSK' 'CSK' 'CSK' 'CSK' 'CSK' 'CSK' 'CSK' 
<mui>
0 4 5 6 9 11 13 
<muk>
0 5 8 9 10 11 13 14 16 
<muj>
3 4 8 23 25 26 28 29 36 37 38 39 41 42 44 
