
<nIC>  7
<nDC>  15
<nPH>  9
<nPS>  2
<nDCs>  8
<nICb>  7
<nDCb>  15
<nPHb>  9
<nPSb>  2
<nTp>  1
<nPp>  1
<iGrd>  0
<fAalp>  1
<mLook>  0

<END_DIM>

<xic>
0 1 2 3 4 5 6 
<xdc>
0 1 2 3 4 5 6 7 8 9 10 11 12 13 14 
<xph>
0 1 2 3 4 5 6 7 8 
<ICNL>
'Al' 'Fe' 'H' 'K' 'Na' 'O' 'Si' 
<ccIC>
'e' 'e' 'h' 'e' 'e' 'o' 'e' 
<ICmm>
0.0269815406799316 0.0558450012207031 0.00100794994831085 0.0390983009338379 0.0229897994995117 0.015999400138855 0.0280855007171631 
<DCNL>
'H2' 'O2' 'H2O' 'Celadonite-Fe' 'Muscovite' 'Nceladonite-Fe' 'Paragonite' 'Pyrophyllite' 'Iron-a' 'Iron-g' 'Quartz-a' 'Quartz-b' 'Corundum' 'Hematite' 'Magnetite' 
<ccDC>
'G' 'G' 'G' 'M' 'M' 'M' 'M' 'M' 'O' 'O' 'O' 'O' 'O' 'O' 'O' 
<DCmm>
0.0020158998966217 0.03199880027771 0.0180153000354767 0.428275547266006 0.398308126688004 0.41216704583168 0.382199625253677 0.360313785791397 0.0558450012207031 0.0558450012207031 0.060084300994873 0.060084300994873 0.101961281776428 0.159688202857971 0.231532604217529 
<PHNL>
'gas_gen' 'Muscovite' 'Iron-a' 'Iron-g' 'Quartz-a' 'Quartz-b' 'Corundum' 'Hematite' 'Magnetite' 
<ccPH>
'g' 's' 's' 's' 's' 's' 's' 's' 's' 
<nDCinPH>
3 5 1 1 1 1 1 1 1 
<A>
0 0 2 0 0 0 0 
0 0 0 0 0 2 0 
0 0 2 0 0 1 0 
1 1 2 1 0 12 4 
3 0 2 1 0 12 3 
1 1 2 0 1 12 4 
3 0 2 0 1 12 3 
2 0 2 0 0 12 4 
0 1 0 0 0 0 0 
0 1 0 0 0 0 0 
0 0 0 0 0 2 1 
0 0 0 0 0 2 1 
2 0 0 0 0 3 0 
0 2 0 0 0 3 0 
0 3 0 0 0 4 0 

<Ttol>  0.1
<TKval>
673.15 
<Psat>
0 

<Ptol>  10000
<Pval>
100000000 
<V0>
5.5969124065e-05 
5.5969124065e-05 
2.60119048222372e-05 
0.000142174472100558 
0.000142214223672051 
0.000133851508006786 
0.000133912521472909 
0.000129774184480141 
7.20697158832522e-06 
7.03035773313267e-06 
2.28383726271316e-05 
2.36708488337939e-05 
2.57918562849243e-05 
3.06910887270711e-05 
0.000234640509745191 
<G0>
-54019.291021048 
-82212.485396754 
-312876.64463227 
-5287783.8806534 
-5765327.315715 
-5243825.2460735 
-5721367.5799457 
-5403771.2528563 
-13970.308478986 
-12235.7939604 
-878725.98690484 
-878420.15956512 
-1615112.4020055 
-795157.20849605 
-1074815.1883298 
<H0>
10918.0400613989 
11683.3186279091 
-255461.743676593 
-5306641.53699382 
-5815438.88383618 
-5270252.12567661 
-5779048.61124316 
-5486798.6831462 
11103.3685750882 
18884.6065270244 
-887022.284545628 
-884830.947830178 
-1634776.53073361 
-776841.074965927 
-1094120.33919864 
<S0>
154.349677382055 
230.346131911601 
131.10987659855 
661.612855469992 
619.838419191545 
644.441908039678 
602.667115356963 
538.0891003347 
49.3304643156424 
58.3138736810451 
86.8662275662835 
89.6671896659897 
132.145664682298 
187.663251447812 
189.288103143621 
<Cp0>
29.5873210489341 
32.4045577737701 
88.4679473882741 
472.697830161026 
469.096461252901 
471.463067453172 
467.861558058611 
430.709546632702 
33.2932010134123 
29.1446795236646 
64.5355709223517 
64.5355709223517 
115.910090198014 
136.274406805696 
194.123783836574 
<A0>
0 
0 
0 
0 
0 
0 
0 
0 
0 
0 
0 
0 
0 
0 
0 
<U0>
0 
0 
0 
0 
0 
0 
0 
0 
0 
0 
0 
0 
0 
0 
0 
