Node:0:time:0:dt:0

<Short_PARAM>
2 2 -5 1 130 1 0 30000 1 1000 
<Double_PARAM>
1000 1e-15 1e-20 1e-06 0.01 0.01 1e-05 1e-05 1e-05 1e-05 1e-05 1e-05 1e-06 1e-17 1 0 1 1000 0.001 12.05 1e-13 1e-13 1e-33 1e-20 1e-05 1e-10 0.001 1e-10 
<Short_Const>
7 7 19 18 14 3 0 0 3 2 0 3 2 0 26 1 2 1 1 0 1 0 0 0 0 0 0 2 0 2 26 0 0 0 0 0 0 0 0 
<Double_Const>
25 25 298.15 298.15 1 1 0 13400.7553161286 0 0 0 0 0 0 0 0 0 0 0 0 
0 0 0 0 168.823517565597 1000 1.03351311372714 -5393.36071433077 0.298781336040563 3.48629818835627 16.5408300425795 0.976576465034048 1e-15 1e-20 0 0 9.99999e-07 1e-06 0 2478.9711565 
38.9215133653371 55.6079279223919 4.01653388216503 0.0059769028343114 1.66e-24 5.79722716407525 1.0854512404175 2.96077553894655 7.40535782355207 0 0 1 1 
<EpsW>
78.2451456494471 -0.355010888388417 0.00135076186526265 0.00406162824448407 0 
<EpsWg>
0 0 0 0 0 
<DenW>
0.997061364306278 -0.00025866418191325 -9.46964566451448e-06 4.50858902637571e-05 0 
<DenWg>
0.000767104546309221 -0 0 0 0 
Error Code 
Error Message

<L1>
15 3 1 
<muk>
0 1 2 
<mui>
0 1 2 3 4 5 7 
<muj>
0 1 2 3 4 7 8 12 13 14 15 16 17 18 19 20 21 22 23 
<DUL>
1000000 1000000 1000000 1000000 1000000 1000000 1000000 1000000 1000000 1000000 1000000 1000000 1000000 1000000 1000000 1000000 1000000 1000000 1000000 
<DLL>
0 0 0 0 0 0 0 0 0 0 0 0 0 0 0 0 0 0 0 
<Vol>
-2.72751155835722 0.307336406943463 13.0094459034099 9.46735262367419 -45.2428720605177 3.50925587536806 -1.20796344838775 43.9042028119618 17.340894051096 33.4069131302658 25.2643576113497 30.5008890803284 -4.70784300725686 0 18.0683971876364 24789.711565 24789.711565 24789.711565 31.956000328064 
<Pparc>
1 1 1 1 1 1 1 1 1 1 1 1 1 1 1 1 1 1 1 
<MM>
43.9888907670975 42.9809408187866 59.9882909059525 58.9803409576416 26.9815406799316 39.9971495866775 22.9897994995117 99.4505996704102 35.4529991149902 28.0133991241455 2.0158998966217 31.99880027771 17.0073500871658 1.00794994831085 18.0153000354767 2.0158998966217 28.0133991241455 31.99880027771 78.0035909414291 
<Awt>
26.9815406799316 35.4529991149902 1.00794994831085 22.9897994995117 14.0066995620728 15.999400138855 0 
<A>
1 0 1 0 0 1 2 1 0 0 0 0 1 1 1 0 1 0 0 2 0 1 0 0 0 0 2 -1 1 0 0 0 0 0 3 0 0 1 1 0 
1 0 0 0 0 1 0 0 1 0 1 0 0 0 4 -1 0 1 0 0 0 0 -1 0 0 0 0 2 0 0 0 0 2 0 0 0 0 0 0 0 
0 0 2 0 0 0 1 0 0 1 -1 0 0 1 0 0 0 1 0 0 2 0 0 1 0 0 0 2 0 0 0 0 0 0 0 0 2 0 0 0 
0 0 0 0 2 0 1 0 3 0 0 3 0 
<XFs>
0 0 0 
<Falps>
0 0 0 
<G>
-275.371549795734 -262.392374818443 -344.626893338857 -329.782832337415 -191.107963706272 -164.651810195932 -101.624469437802 0.573427863016876 -48.9448329420157 11.3556834865235 11.1683638110705 10.65061680173 -59.4252695833163 4.01653388216503 -95.6773475216673 0 0 0 -464.299875769854 
<G0>
-275.371549795734 -262.392374818443 -344.626893338857 -329.782832337415 -191.107963706272 -164.651810195932 -101.624469437802 0.573427863016876 -48.9448329420157 11.3556834865235 11.1683638110705 10.65061680173 -59.4252695833163 4.01653388216503 -95.6773475216673 0 0 0 -464.299875769854 
<lnGam>
-1.24844396683101 -0.316607118717275 -0.0059948360126964 -0.316607118717275 -2.80150538035391 -0.0059948360126964 -0.316607118717275 -0.316607118717275 -0.316607118717275 -0.0059948360126964 -0.0059948360126964 -0.0059948360126964 -0.316607118717275 -0.316607118717275 0 0 0 0 0 
<lnGmo>
-1.25442086966766 -0.322584021553925 -0.0119717388493462 -0.322584021553925 -2.80748228319056 -0.0119717388493462 -0.322584021553925 -0.322584021553925 -0.322584021553925 -0.0119717388493462 -0.0119717388493462 -0.0119717388493462 -0.322584021553925 -0.322584021553925 3.59381664476466e-05 0 0 0 0 
<B>
0.1281992281926 0.2 111.501345333114 0.100001 1 55.8939720042906 0 
<U>
-315.592241778625 -16.7965580889473 -46.1141670139389 -146.342669287368 -0.000499071491781244 -3.45504426783674 38.0866687610048 
<Uc>
-315.592241778625 -315.592243595338 -16.7965580889473 -16.7965577786126 -46.1141670139389 -46.1141669261483 -146.342669287368 -146.342669750551 -0.000499071491781244 -0.000499240470394212 -3.45504426783674 -3.45504443676872 38.0866687610048 38.086669147764 
<Uefd>
-4.22456293867538e-07 1.408205597595e-07 -1.39992106646181e-07 -1.40821348126192e-07 0 2.79984220455746e-07 1.40820554538423e-07 
<U_r>
-782344.064584385 -41638.1830309771 -114315.689933578 -362779.256128604 -1.23718383315713 -8564.95508439795 94415.7533057005 
<C>
1.87431756299536e-17 0 8.88426524859799e-15 0 0 3.82360782851053e-15 9.29837228517227e-18 
<XF>
55.9422895515009 0.499848541207133 0.0949361142759768 
<YF>
55.9422895513697 0.499848541206308 0.0949361144083723 
<Falp>
-8.76719762796613e-11 1.06293897274897e-08 6.33642821216728e-08 
<X>
0.000235084702395574 6.54631716036867e-07 2.12125004266753e-09 3.17024982961991e-12 0.0330273724580913 1.47593908179716e-12 0.100000999998524 6.21728161279322e-29 0.2 0.00065014241186769 0 1.31410334608775e-06 4.16704912443607e-11 0.000446058635535657 55.6079279223919 0 0.499349857588132 0.000498683619000706 0.0949361142759768 
<Y>
0.000235084702395574 6.54631716036867e-07 2.12125004266753e-09 3.17024982961991e-12 0.0330273724580913 1.47593908179716e-12 0.100000999998524 6.21728161279322e-29 0.2 0.00065014241186769 0 1.31410334608775e-06 4.16704912443607e-11 0.000446058635535657 55.6079279223919 0 0.499349857588132 0.000498683619000706 0.0949361142759768 
<XY>
0.000235084702395843 6.54631716036871e-07 1.98894329550647e-09 3.12808419012883e-12 0.0330273724580566 1.43244113311238e-12 0.100000999998571 6.21728161279322e-29 0.199999999999999 0.00065014241186769 0 1.31410334608202e-06 4.16704912443607e-11 0.000446058635534681 55.6079279222607 0 0.499349857588132 0.000498683618175845 0.0949361144083723 
<XU>
0 0 0 0 0 0 0 0 0 0 0 0 0 0 0 0 0 0 0 
<MU>
-1.5959531526045e-15 -2.48320020999586e-20 -3.91527656324527e-25 -1.16664864763362e-30 2.05511458601333e-13 -6.33794173030891e-32 -2.78443934575726e-13 1.51889844629376e-61 7.32747194000818e-15 0 0 3.3927878479987e-17 -5.04722647995813e-29 5.78339973450286e-15 7.77187389867684e-10 0 0 4.88593702799912e-12 -7.84224430657161e-10 
<EMU>
4.20139729535907e-06 1.17008185692585e-08 3.79185433613843e-11 5.66700082097995e-14 0.000590383686580736 2.63832456294134e-14 0.00178757436627995 1.11110669755209e-30 0.00357511297633519 1.16214443096594e-05 1.23819496705273e-45 2.34902072802725e-08 7.44565917971144e-13 7.97342264717962e-06 0.994023097274908 8.82558576679495e-41 0.999002354997518 0.000997669477556582 1.00000014590166 
<NMU>
-12.3800933986326 -18.2636070344055 -23.9955808527451 -30.5015312798589 -7.43473791618995 -31.2660472214741 -6.32689568074825 -68.9721962463746 -5.63375850156341 -11.3626585191131 -103.402674537366 -17.5666822141224 -27.9259750067851 -11.7393967160433 -0.00599483590045269 -92.2283338362985 -0.000998142981489112 -6.91008852131966 1.45901651441633e-07 
<W>
1.93902250133762e-06 1.50358572949826e-11 1.57876626688893e-16 3.52631484961731e-22 0.0382720881689986 7.6431252339905e-23 0.350867220166691 1.3562357520902e-55 1.40344081175027 1.48303399510807e-05 0 6.05889118050309e-11 6.09244126240947e-20 6.98100603388647e-06 108494.45320817 0 8.74870899392265 8.72537927324264e-06 0.316225593028927 
<F>
-288.987907407819 -280.960523860826 -368.680899395499 -360.602388733369 -201.332236774402 -195.941794947026 -108.25600054821 -68.7031630796818 -54.8832268717986 -0.000979347482672366 0 -6.91008289939302 -87.6554534823073 -8.02748227996073 -95.6833782958441 0 -0.000998167451393694 -6.91008855097147 -464.299875769854 
<F0>
-1.24844396683101 -0.316607118717275 -0.0059948360126964 -0.316607118717275 -2.80150538035391 -0.0059948360126964 -0.316607118717275 -0.316607118717275 -0.316607118717275 -0.0059948360126964 -0.0059948360126964 -0.0059948360126964 -0.316607118717275 -0.316607118717275 0 0 0 0 0 
<YOF>
0 0 0 
<lnGmM>
0 0 0 0 0 0 0 0 0 0 0 0 0 0 0 0 0 0 0 
<fDQF>
0 0 0 0 0 0 0 0 0 0 0 0 0 0 0 0 0 0 0 
<FVOL>
1006.62037491882 12391.1011627108 3.03377849894824 
<FWGT>
1012.10331176286 14.0044441407277 7.40535782355206 
<Y_la>
-4.16924085530571 -6.31972672838989 -8.67419411705963 -11.6345896981266 -2.69598631344965 -11.8317175418536 -1.13567885543805 -28.3421872081899 -0.834653203316868 -3.18778565726506 -43.1602567281759 -5.88215891359767 -10.5160398209022 -3.48629818835627 -0.00261913188487111 -40.0542564601318 -0.000433487989010062 -3.00101331426437 6.33642820800247e-08 
<Y_w>
10.2174503081929 0.0278002124072426 0.000125728434207139 1.84746372923338e-07 880.472757249543 5.83274015106633e-08 2271.51014426816 6.10918250662707e-24 7005.80636441922 17.9949009745474 0 0.0415468757260471 7.00229536511062e-07 0.444228146876291 989.813484680874 0 0 0 716.522869927236 
<Fx>
-288.988115538391 -280.960617285457 -368.616497328237 -360.588999075303 -201.332235495611 -195.911880569144 -108.256000526363 -68.7034039212991 -54.8832268499521 -0.000998142983562488 -92.2283340278778 -6.91008853567349 -87.6558800427804 -8.02749825293411 -95.6833782957145 -92.2283340278778 -0.000998142983562488 -6.91008853567349 -464.299875623952 
<Wx>
4.20227173897045e-06 1.17019114034331e-08 3.7918541762841e-11 5.66700050183209e-14 0.000590382923596397 2.63832441187163e-14 0.00178757431632222 1.11137417911177e-30 0.0035751128815684 1.16216625576106e-05 0 2.34903390015523e-08 7.44883550144985e-13 7.97354986919175e-06 0.99402309716335 0 0.999002330550377 0.000997669449622452 1 
<VL>
-12.3798852886723 -18.263513640671 -23.9955808949024 -30.5015313361758 -7.43473920854414 -31.2660472787338 -6.32689570869547 -68.9719555409865 -5.63375852807077 -11.362639739528 -54.7552246294886 -17.5666766066406 -27.9255484972788 -11.7393807604114 -0.0059948360126809 -54.7552246294886 -0.000998167453043981 -6.91008854931904 0 
<Gamma>
0.288671168485412 0.732984871926605 0.999982066984752 0.732984871926605 0.0610825850283707 0.999982066984752 0.732984871926605 0.732984871926605 0.732984871926605 0.999982066984752 0.999982066984752 0.999982066984752 0.732984871926605 0.732984871926605 0.999964062479321 1 1 1 1 
<lnGmf>
0 0 0 0 0 0 0 0 0 0 0 0 0 0 0 0 0 0 0 
<BF>
0.0332631139166232 0.2 111.216536990286 0.100001 0.00130028482373538 55.6081662942247 -9.29837228517227e-18 0 0 0 0 0.998699715176265 0.000997367238001411 0 
<BFC>
0.0949361142759768 0 0.28480834282793 0 0 0.28480834282793 0 
<XFA>
55.6079279223919 0 
<YFA>
55.6079279222607 0 
<PUL>
1000000 1000000 
<PLL>
0 0 
<Y_m>
0.000234663831435701 6.53459732169418e-07 2.11745237938919e-09 3.16457414730102e-12 0.0329682437193564 1.47329671548519e-12 0.0998219687113806 6.20615084480402e-29 0.199641941006298 0.000648978465178907 0 1.31175071347915e-06 4.15958887735505e-11 0.000445260059004796 55.50837344 0 0 0 0.0947662560212917 
<IC_m>
0.0332035631311412 0.199641941006298 0.000679926050962063 0.0998219687128539 0.00129795693035781 0.000237945076897922 2.48824398585423e-17 
<IC_lm>
-1.47881530583596 -0.699748214929077 -3.16753831218457 -1.00077386704388 -2.88673971233167 -3.6235232688225 -16.6041070024241 
<IC_wm>
0.886757360490537 7.00580636441922 0.000678350288833201 2.27151014430168 0.0179949009745475 0.00376819865158771 -0 
<Aalp>
0 0 0 
<Xr0h0>
0 0 0 0 0 0 
<Sigw>
0 0 0 
<Sigg>
0 0 0 
<EZ>
2 1 0 -1 3 0 1 -1 -1 0 0 0 -1 1 0 0 0 0 0 
<Xcond>
0 0 0 
<Xeps>
0 0 0 
<Fug>
0 0 0 
<Fug_l>
0 0 0 
<Ppg_l>
0 0 0 
<sMod>
'DNNSNNNN' 'INNINNNN' 
<LsMod>
2 0 4 0 0 0 
<IPxPH>

<PMc>
0 0 0 0.5 0 0 0 0 
<LsMdc>
0 0 0 0 0 0 
<DMc>

<MoiSN>

<SitFr>

<LsMdc2>
0 0 0 0 0 0 
<DQFc>

<LsPhl>
0 0 0 0 0 0 
<PhLin>

<lPhc>

<lnDQFt>
0 0 0 0 0 0 0 0 0 0 0 0 0 0 0 0 0 0 
<lnRcpt>
0 0 0 0 0 0 0 0 0 0 0 0 0 0 0 0 0 0 
<lnExet>
0 0 0 0 0 0 0 0 0 0 0 0 0 0 0 0 0 0 
<lnCnft>
0 0 0 0 0 0 0 0 0 0 0 0 0 0 0 0 0 0 
<SorMc>
0 0 0 0 0 0 0 0 0 0 0 0 0 0 0 0 
0 0 0 0 0 0 0 0 0 0 0 0 0 0 0 0 
<LsISmo>
0 0 0 0 0 0 0 0 
<xSMd>

<IsoPc>

<IsoSc>

<IsoCt>

<LsESmo>
0 0 0 0 0 0 0 0 
<EImc>

<mCDc>

<lnScalT>
0 0 0 0 0 0 0 0 0 0 0 0 0 0 0 0 0 0 
<lnSACT>
0 0 0 0 0 0 0 0 0 0 0 0 0 0 0 0 0 0 
<lnGammF>
0 0 0 0 0 0 0 0 0 0 0 0 0 0 0 0 0 0 
<CTerms>
0 0 0 0 0 0 0 0 0 0 0 0 0 0 0 0 0 0 
<kMod>
'NNNNNN' 'NNNNNN' 'NNNNNN' 
<LsKin>
0 0 0 0 0 0 0 0 0 0 0 0 0 0 0 0 0 0 
<xSKrC>

<ocPRkC>

<feSArC>

<rpConC>

<apConC>

<AscpC>

<LsUpt>
0 0 0 0 
<UMpcC>

<PfFact>
1 1 1 
<PrT>
0 0 0 
<PkT>
0 0 0 
<PvT>
0 0 0 
<emRd>
0 0 0 0 0 0 0 0 0 0 0 0 0 0 0 0 0 0 
<emDf>
0 0 0 0 0 0 0 0 0 0 0 0 0 0 0 0 0 0 
<Wb>
0 0 0 0 0 0 0 0 0 0 0 0 0 0 0 0 0 0 
<Wabs>
0 0 0 0 0 0 0 0 0 0 0 0 0 0 0 0 0 0 
<Rion>
0 0 0 0 0 0 0 0 0 0 0 0 0 0 0 0 0 0 
<Qp>
0 0 0 0 0 0 0 0 0 0 0 0 0 0 0 0 0 0 0 0 0 0 0 0 0 0 0 0 0 0 0 0 0 0 0 0 0 0 0 0 
0 0 0 0 0 0 0 0 0 0 0 0 0 0 0 0 0 0 0 0 0 0 0 0 0 0 0 0 0 0 0 0 0 0 0 0 0 0 0 0 
0 0 0 0 0 0 0 0 0 0 0 0 0 0 0 0 0 0 0 0 0 0 0 0 0 0 0 0 0 0 0 0 0 0 0 0 0 0 0 0 
0 0 0 0 0 0 0 0 0 0 0 0 0 0 0 0 0 0 0 0 0 0 0 0 0 0 0 0 0 0 0 0 0 0 0 0 0 0 0 0 
0 0 0 0 0 0 0 0 0 0 0 0 0 0 0 0 0 0 0 0 0 0 0 0 0 0 0 0 0 0 0 0 0 0 0 0 0 0 0 0 
0 0 0 0 0 0 0 0 0 0 0 0 0 0 0 0 0 0 0 0 0 0 0 0 0 0 0 0 0 0 0 0 0 0 0 0 0 0 0 0 
0 0 0 0 0 0 0 0 0 0 0 0 0 0 0 0 0 0 0 0 0 0 0 0 0 0 0 0 0 0 0 0 0 0 0 0 0 0 0 0 
0 0 0 0 0 0 0 0 0 0 0 0 0 0 0 0 0 0 0 0 0 0 0 0 0 0 0 0 0 0 0 0 0 0 0 0 0 0 0 0 
0 0 0 0 0 0 0 0 0 0 0 0 0 0 0 0 0 0 0 0 0 0 0 0 0 0 0 0 0 0 0 0 0 0 0 0 0 0 0 0 
<Qd>
0 0 0 0 0 0 0 0 0 0 0 0 0 0 0 0 0 0 0 0 0 0 0 0 0 0 0 0 0 0 0 0 0 0 0 0 0 0 0 0 
0 0 0 0 0 0 0 0 0 0 0 0 0 0 0 0 0 0 0 0 0 0 0 0 0 0 0 0 0 0 0 0 0 0 0 0 0 0 0 0 
0 0 0 0 0 0 0 0 0 0 0 0 0 0 0 0 0 0 0 0 0 0 0 0 0 0 0 0 0 0 0 0 0 0 0 0 0 0 0 0 
<H0>
0 0 0 0 0 0 0 0 0 0 0 0 0 0 0 0 0 0 0 
<A0>
0 0 0 0 0 0 0 0 0 0 0 0 0 0 0 0 0 0 0 
<U0>
0 0 0 0 0 0 0 0 0 0 0 0 0 0 0 0 0 0 0 
<S0>
-184.932992628897 -112.967998974304 20.9199999714599 -30.2084938210448 -325.096975240679 44.7687987232909 58.4086010089844 182.004001192221 56.7350438457505 95.8135974209308 57.7391998616971 108.951399378967 -10.7110335158716 0 69.9241798936394 130.682998657227 191.610000610352 205.136993408203 68.4502029418945 
<Cp0>
55.971014925759 -125.107206518941 -209.212190765992 -49.0419224664928 -128.696352230021 -13.401419974351 38.118227155453 -24.0031594584674 -122.490362897996 234.155323405206 166.852112064487 234.132884195387 -136.338084390688 0 75.3605258482016 28.8176721007834 29.1347219290407 29.3221550499352 105.463993756591 
<VPh>
0 0 0.000455278042710256 0 0 0 0 0 0 0 
<GPh>
0 -104.309479186603 -8.23971020667027 0 0 0 -19.5619470131303 0 0 0 
<HPh>
0 0 4.04123334267204 0 0 0 0 0 0 0 
<SPh>
0 0.349855707484833 0.0411904864978779 0 0 0 0.0656110917763888 0 0 0 
<CPh>
0 0 0.0757058333126421 0 0 0 0 0 0 0 
<APh>
0 -104.309479186603 -8.24016548471298 0 0 0 -19.5619470131303 0 0 0 
<UPh>
0 0 4.04077806462933 0 0 0 0 0 0 0 