 0.1000E-06 0.1137E-06 0.1454E-06 0.2101E-06 0.3569E-06 0.6824E-06 0.1358E-05 0.2635E-05 0.5368E-05 0.1146E-04 0.2256E-04 0.3884E-04 0.6585E-04 0.6575E-04 0.6795E-04 0.6967E-04 0.7261E-04 0.7604E-04 0.8078E-04 0.8786E-04 0.9639E-04 0.1090E-03 0.1235E-03 0.1442E-03 0.1704E-03 0.2043E-03 0.2456E-03 0.2937E-03 0.3354E-03 0.3139E-03 0.2905E-03 0.2672E-03 0.2456E-03 0.2257E-03 0.2079E-03 0.1927E-03 0.1783E-03 0.1670E-03 0.1574E-03 0.1497E-03 0.1434E-03 0.1384E-03 0.1347E-03 0.1317E-03 0.1294E-03 0.1280E-03 0.1269E-03 0.1262E-03 0.1253E-03 0.1245E-03 0.1181E-03
  zzz      above
 0.8711E-10 0.1216E-09 0.2238E-09 0.5393E-09 0.1809E-08 0.7414E-08 0.3114E-07 0.1173E-06 0.4796E-06 0.1830E-05 0.5691E-05 0.1330E-04 0.2875E-04 0.2801E-04 0.2836E-04 0.2803E-04 0.2758E-04 0.2702E-04 0.2639E-04 0.2541E-04 0.2446E-04 0.2325E-04 0.2212E-04 0.2083E-04 0.1962E-04 0.1847E-04 0.1749E-04 0.1680E-04 0.1653E-04 0.1726E-04 0.1930E-04 0.2043E-04 0.2221E-04 0.2395E-04 0.2595E-04 0.2768E-04 0.2945E-04 0.3101E-04 0.3259E-04 0.3335E-04 0.3428E-04 0.3505E-04 0.3561E-04 0.3613E-04 0.3654E-04 0.3682E-04 0.3695E-04 0.3749E-04 0.3719E-04 0.3738E-04 0.3470E-04
  zzz      above
 0.2000E-02 0.2000E-02 0.2000E-02 0.2000E-02 0.2000E-02 0.2000E-02 0.2000E-02 0.2001E-02 0.2002E-02 0.2005E-02 0.2010E-02 0.2015E-02 0.2022E-02 0.2014E-02 0.2003E-02 0.1988E-02 0.1966E-02 0.1939E-02 0.1904E-02 0.1858E-02 0.1805E-02 0.1733E-02 0.1658E-02 0.1561E-02 0.1449E-02 0.1321E-02 0.1182E-02 0.1022E-02 0.8679E-03 0.7822E-03 0.6960E-03 0.6154E-03 0.5328E-03 0.4553E-03 0.3838E-03 0.3207E-03 0.2589E-03 0.2085E-03 0.1641E-03 0.1290E-03 0.9888E-04 0.7468E-04 0.5603E-04 0.4026E-04 0.2866E-04 0.2041E-04 0.1428E-04 0.9608E-05 0.5520E-05 0.9721E-07 0.1000E-29
  zzz      above
 0.4000E-02 0.4000E-02 0.4000E-02 0.4000E-02 0.4000E-02 0.3999E-02 0.3999E-02 0.3998E-02 0.3996E-02 0.3993E-02 0.3989E-02 0.3983E-02 0.3974E-02 0.3961E-02 0.3943E-02 0.3917E-02 0.3881E-02 0.3836E-02 0.3779E-02 0.3704E-02 0.3620E-02 0.3507E-02 0.3392E-02 0.3245E-02 0.3081E-02 0.2897E-02 0.2707E-02 0.2485E-02 0.2261E-02 0.2042E-02 0.1815E-02 0.1600E-02 0.1383E-02 0.1178E-02 0.9899E-03 0.8246E-03 0.6637E-03 0.5330E-03 0.4180E-03 0.3277E-03 0.2504E-03 0.1885E-03 0.1410E-03 0.1009E-03 0.7158E-04 0.5084E-04 0.3541E-04 0.2374E-04 0.1358E-04 0.2000E-06 0.1000E-29
  zzz      above
 0.1773E-06 0.1967E-06 0.2443E-06 0.3494E-06 0.6029E-06 0.1187E-05 0.2396E-05 0.4630E-05 0.9111E-05 0.1820E-04 0.3216E-04 0.4898E-04 0.7191E-04 0.7085E-04 0.7146E-04 0.7095E-04 0.7073E-04 0.6983E-04 0.6862E-04 0.6781E-04 0.6656E-04 0.6497E-04 0.6346E-04 0.6172E-04 0.5995E-04 0.5833E-04 0.5689E-04 0.5612E-04 0.5615E-04 0.5802E-04 0.5956E-04 0.6220E-04 0.6497E-04 0.6800E-04 0.7094E-04 0.7348E-04 0.7596E-04 0.7802E-04 0.8001E-04 0.8151E-04 0.8282E-04 0.8387E-04 0.8471E-04 0.8539E-04 0.8579E-04 0.8625E-04 0.8661E-04 0.8647E-04 0.8693E-04 0.8715E-04 0.7940E-04
  zzz      above
 0.5534E+02 0.5534E+02 0.5534E+02 0.5534E+02 0.5534E+02 0.5534E+02 0.5534E+02 0.5534E+02 0.5534E+02 0.5534E+02 0.5534E+02 0.5534E+02 0.5534E+02 0.5534E+02 0.5534E+02 0.5534E+02 0.5534E+02 0.5534E+02 0.5534E+02 0.5534E+02 0.5534E+02 0.5534E+02 0.5534E+02 0.5534E+02 0.5534E+02 0.5534E+02 0.5534E+02 0.5534E+02 0.5534E+02 0.5534E+02 0.5534E+02 0.5534E+02 0.5534E+02 0.5534E+02 0.5534E+02 0.5534E+02 0.5534E+02 0.5534E+02 0.5534E+02 0.5534E+02 0.5534E+02 0.5534E+02 0.5534E+02 0.5534E+02 0.5534E+02 0.5534E+02 0.5534E+02 0.5534E+02 0.5534E+02 0.5534E+02 0.5500E+02
  zzz      above
 0.1000E-14 0.1000E-14 0.1000E-14 0.1000E-14 0.1000E-14 0.1000E-14 0.1000E-14 0.1000E-14 0.1000E-14 0.1000E-14 0.1000E-14 0.1000E-14 0.1000E-14 0.1000E-14 0.1000E-14 0.1000E-14 0.1000E-14 0.1000E-14 0.1000E-14 0.1000E-14 0.1000E-14 0.1000E-14 0.1000E-14 0.1000E-14 0.1000E-14 0.1000E-14 0.1000E-14 0.1000E-14 0.1000E-14 0.1000E-14 0.1000E-14 0.1000E-14 0.1000E-14 0.1000E-14 0.1000E-14 0.1000E-14 0.1000E-14 0.1000E-14 0.1000E-14 0.1000E-14 0.1000E-14 0.1000E-14 0.1000E-14 0.1000E-14 0.1000E-14 0.1000E-14 0.1000E-14 0.1000E-14 0.1000E-14 0.1000E-14 0.1000E-14
  zzz      above
 0.6627E-07 0.5991E-07 0.4808E-07 0.3405E-07 0.1940E-07 0.9890E-08 0.4894E-08 0.2533E-08 0.1281E-08 0.6449E-09 0.3656E-09 0.2400E-09 0.1637E-09 0.1641E-09 0.1646E-09 0.1654E-09 0.1666E-09 0.1681E-09 0.1701E-09 0.1727E-09 0.1756E-09 0.1795E-09 0.1833E-09 0.1880E-09 0.1927E-09 0.1974E-09 0.2015E-09 0.2037E-09 0.2030E-09 0.1956E-09 0.1873E-09 0.1786E-09 0.1702E-09 0.1614E-09 0.1541E-09 0.1479E-09 0.1421E-09 0.1374E-09 0.1334E-09 0.1304E-09 0.1279E-09 0.1258E-09 0.1242E-09 0.1229E-09 0.1219E-09 0.1212E-09 0.1206E-09 0.1202E-09 0.1200E-09 0.1196E-09 0.1316E-09
  O2_aq    above
 0.7559E-14 0.1200E-13 0.2823E-13 0.9835E-13 0.5605E-12 0.4390E-11 0.3657E-10 0.2679E-09 0.2148E-08 0.1814E-07 0.1158E-06 0.4474E-06 0.1621E-05 0.1624E-05 0.1653E-05 0.1678E-05 0.1738E-05 0.1777E-05 0.1873E-05 0.1951E-05 0.2074E-05 0.2251E-05 0.2450E-05 0.2730E-05 0.3079E-05 0.3538E-05 0.4091E-05 0.4832E-05 0.5514E-05 0.5678E-05 0.5729E-05 0.5804E-05 0.6050E-05 0.6106E-05 0.6214E-05 0.6280E-05 0.6357E-05 0.6380E-05 0.6273E-05 0.6419E-05 0.6424E-05 0.6434E-05 0.6446E-05 0.6455E-05 0.6504E-05 0.6464E-05 0.6478E-05 0.6432E-05 0.6522E-05 0.6487E-05 0.5764E-05
  O2_aq    above
 0.8609E-10 0.1202E-09 0.2212E-09 0.5330E-09 0.1788E-08 0.7327E-08 0.3077E-07 0.1159E-06 0.4814E-06 0.1809E-05 0.5624E-05 0.1313E-04 0.2832E-04 0.2762E-04 0.2774E-04 0.2726E-04 0.2662E-04 0.2580E-04 0.2483E-04 0.2349E-04 0.2211E-04 0.2037E-04 0.1872E-04 0.1681E-04 0.1491E-04 0.1299E-04 0.1121E-04 0.9503E-05 0.8135E-05 0.8061E-05 0.7760E-05 0.8202E-05 0.7318E-05 0.7281E-05 0.6522E-05 0.5956E-05 0.5243E-05 0.4553E-05 0.3716E-05 0.3150E-05 0.2524E-05 0.1977E-05 0.1525E-05 0.1122E-05 0.8175E-06 0.6077E-06 0.4159E-06 0.2801E-06 0.1564E-06 0.2887E-08 0.2782E-31
  O2_aq    above
 0.8859E-07 0.1115E-06 0.1651E-06 0.2784E-06 0.5407E-06 0.1126E-05 0.2335E-05 0.4564E-05 0.9040E-05 0.1812E-04 0.3208E-04 0.4889E-04 0.7181E-04 0.7075E-04 0.7136E-04 0.7084E-04 0.7061E-04 0.6971E-04 0.6851E-04 0.6770E-04 0.6645E-04 0.6486E-04 0.6335E-04 0.6160E-04 0.5982E-04 0.5820E-04 0.5675E-04 0.5596E-04 0.5600E-04 0.5785E-04 0.5941E-04 0.6205E-04 0.6482E-04 0.6785E-04 0.7079E-04 0.7334E-04 0.7582E-04 0.7788E-04 0.7987E-04 0.8138E-04 0.8269E-04 0.8374E-04 0.8458E-04 0.8526E-04 0.8566E-04 0.8612E-04 0.8648E-04 0.8636E-04 0.8684E-04 0.8711E-04 0.8341E-04
  O2_aq    above
 0.1124E-07 0.1259E-07 0.1540E-07 0.1796E-07 0.2006E-07 0.2260E-07 0.2113E-07 0.2210E-07 0.2177E-07 0.2233E-07 0.2235E-07 0.2238E-07 0.2241E-07 0.2280E-07 0.2239E-07 0.2233E-07 0.2259E-07 0.2239E-07 0.2278E-07 0.2238E-07 0.2237E-07 0.2253E-07 0.2236E-07 0.2235E-07 0.2237E-07 0.2038E-07 0.2261E-07 0.2498E-07 0.2218E-07 0.2993E-07 0.2251E-07 0.2237E-07 0.1971E-07 0.2236E-07 0.2238E-07 0.2204E-07 0.2224E-07 0.2232E-07 0.2213E-07 0.2239E-07 0.2199E-07 0.2280E-07 0.2239E-07 0.2239E-07 0.2242E-07 0.2241E-07 0.2238E-07 0.2249E-07 0.2249E-07 0.2241E-07 0.2579E-07
  O2_aq    above
 0.0000E+00 0.0000E+00 0.0000E+00 0.0000E+00 0.0000E+00 0.0000E+00 0.0000E+00 0.0000E+00 0.0000E+00 0.0000E+00 0.0000E+00 0.0000E+00 0.0000E+00 0.0000E+00 0.0000E+00 0.0000E+00 0.0000E+00 0.0000E+00 0.0000E+00 0.0000E+00 0.0000E+00 0.0000E+00 0.0000E+00 0.0000E+00 0.0000E+00 0.0000E+00 0.0000E+00 0.0000E+00 0.0000E+00 0.0000E+00 0.0000E+00 0.0000E+00 0.0000E+00 0.0000E+00 0.0000E+00 0.0000E+00 0.0000E+00 0.0000E+00 0.0000E+00 0.0000E+00 0.0000E+00 0.0000E+00 0.0000E+00 0.0000E+00 0.0000E+00 0.0000E+00 0.0000E+00 0.0000E+00 0.0000E+00 0.0000E+00 0.2579E-07
  O2_aq    above
 0.0000E+00 0.0000E+00 0.0000E+00 0.0000E+00 0.0000E+00 0.0000E+00 0.0000E+00 0.0000E+00 0.0000E+00 0.0000E+00 0.0000E+00 0.0000E+00 0.0000E+00 0.0000E+00 0.0000E+00 0.0000E+00 0.0000E+00 0.0000E+00 0.0000E+00 0.0000E+00 0.0000E+00 0.0000E+00 0.0000E+00 0.0000E+00 0.0000E+00 0.0000E+00 0.0000E+00 0.0000E+00 0.0000E+00 0.0000E+00 0.0000E+00 0.0000E+00 0.0000E+00 0.0000E+00 0.0000E+00 0.0000E+00 0.0000E+00 0.0000E+00 0.0000E+00 0.0000E+00 0.0000E+00 0.0000E+00 0.0000E+00 0.0000E+00 0.0000E+00 0.0000E+00 0.0000E+00 0.0000E+00 0.0000E+00 0.0000E+00 0.2579E-07
  O2_aq    above
 0.1000E-04 0.1000E-04 0.1000E-04 0.1000E-04 0.1000E-04 0.1000E-04 0.1000E-04 0.1000E-04 0.1000E-04 0.1000E-04 0.1000E-04 0.9999E-05 0.9999E-05 0.9998E-05 0.1000E-04 0.9998E-05 0.9991E-05 0.9985E-05 0.9981E-05 0.9978E-05 0.9976E-05 0.9975E-05 0.9973E-05 0.9984E-05 0.9992E-05 0.1000E-04 0.1000E-04 0.1001E-04 0.1001E-04 0.1002E-04 0.1002E-04 0.1002E-04 0.1002E-04 0.1002E-04 0.1002E-04 0.1001E-04 0.1001E-04 0.1001E-04 0.1001E-04 0.1001E-04 0.1001E-04 0.1001E-04 0.1001E-04 0.1001E-04 0.1001E-04 0.1002E-04 0.1002E-04 0.1002E-04 0.1001E-04 0.1000E-04 0.2579E-07
  O2_aq    above
 time =    30000.0000000000     
