 0.1000E-06 0.2320E-06 0.5425E-06 0.1222E-05 0.2627E-05 0.5572E-05 0.1201E-04 0.2629E-04 0.5063E-04 0.6889E-04 0.7132E-04 0.7535E-04 0.8095E-04 0.8968E-04 0.1018E-03 0.1177E-03 0.1395E-03 0.1672E-03 0.2033E-03 0.2454E-03 0.3271E-03 0.2873E-03 0.2645E-03 0.2393E-03 0.2176E-03 0.1977E-03 0.1822E-03 0.1682E-03 0.1566E-03 0.1479E-03 0.1409E-03 0.1357E-03 0.1317E-03 0.1293E-03 0.1276E-03 0.1264E-03 0.1257E-03 0.1252E-03 0.1249E-03 0.1247E-03 0.1246E-03 0.1246E-03 0.1245E-03 0.1245E-03 0.1245E-03 0.1245E-03 0.1245E-03 0.1245E-03 0.1245E-03 0.1245E-03 0.1181E-03
  zzz      above
 0.8711E-10 0.6183E-09 0.1256E-07 0.2155E-07 0.1012E-06 0.4324E-06 0.1772E-05 0.6728E-05 0.1849E-04 0.2821E-04 0.2779E-04 0.2716E-04 0.2636E-04 0.2526E-04 0.2400E-04 0.2269E-04 0.2142E-04 0.2005E-04 0.1888E-04 0.1807E-04 0.1701E-04 0.1884E-04 0.2041E-04 0.2257E-04 0.2463E-04 0.2683E-04 0.2870E-04 0.3047E-04 0.3244E-04 0.3349E-04 0.3456E-04 0.3540E-04 0.3609E-04 0.3648E-04 0.3688E-04 0.3707E-04 0.3743E-04 0.3725E-04 0.3733E-04 0.3727E-04 0.3736E-04 0.3722E-04 0.3738E-04 0.3741E-04 0.3735E-04 0.3737E-04 0.3732E-04 0.3739E-04 0.3744E-04 0.3738E-04 0.3470E-04
  zzz      above
 0.2000E-02 0.2000E-02 0.2000E-02 0.2000E-02 0.1999E-02 0.1999E-02 0.1999E-02 0.2000E-02 0.2000E-02 0.1991E-02 0.1969E-02 0.1934E-02 0.1889E-02 0.1823E-02 0.1741E-02 0.1643E-02 0.1523E-02 0.1385E-02 0.1224E-02 0.1059E-02 0.8388E-03 0.7426E-03 0.6353E-03 0.5314E-03 0.4442E-03 0.3602E-03 0.2915E-03 0.2263E-03 0.1707E-03 0.1280E-03 0.9217E-04 0.6434E-04 0.4280E-04 0.2930E-04 0.1908E-04 0.1224E-04 0.7712E-05 0.4593E-05 0.2771E-05 0.1688E-05 0.9744E-06 0.5731E-06 0.3445E-06 0.2291E-06 0.1625E-06 0.1277E-06 0.1114E-06 0.1031E-06 0.9975E-07 0.9708E-07 0.1000E-29
  zzz      above
 0.4000E-02 0.4000E-02 0.3999E-02 0.3998E-02 0.3995E-02 0.3991E-02 0.3983E-02 0.3970E-02 0.3950E-02 0.3921E-02 0.3883E-02 0.3825E-02 0.3749E-02 0.3641E-02 0.3506E-02 0.3348E-02 0.3158E-02 0.2943E-02 0.2699E-02 0.2456E-02 0.2184E-02 0.1903E-02 0.1635E-02 0.1364E-02 0.1137E-02 0.9179E-03 0.7402E-03 0.5724E-03 0.4304E-03 0.3216E-03 0.2307E-03 0.1605E-03 0.1063E-03 0.7252E-04 0.4706E-04 0.3005E-04 0.1885E-04 0.1115E-04 0.6704E-05 0.4059E-05 0.2321E-05 0.1347E-05 0.7991E-06 0.5169E-06 0.3565E-06 0.2734E-06 0.2342E-06 0.2148E-06 0.2066E-06 0.2000E-06 0.1000E-29
  zzz      above
 0.1773E-06 0.3701E-06 0.8604E-06 0.2002E-05 0.4292E-05 0.8861E-05 0.1795E-04 0.3487E-04 0.5770E-04 0.7128E-04 0.7078E-04 0.7008E-04 0.6910E-04 0.6766E-04 0.6604E-04 0.6428E-04 0.6257E-04 0.6065E-04 0.5908E-04 0.5796E-04 0.5682E-04 0.5972E-04 0.6181E-04 0.6617E-04 0.6893E-04 0.7222E-04 0.7493E-04 0.7785E-04 0.7975E-04 0.8169E-04 0.8322E-04 0.8442E-04 0.8534E-04 0.8590E-04 0.8635E-04 0.8664E-04 0.8663E-04 0.8707E-04 0.8705E-04 0.8717E-04 0.8710E-04 0.8728E-04 0.8714E-04 0.8712E-04 0.8717E-04 0.8715E-04 0.8719E-04 0.8714E-04 0.8709E-04 0.8716E-04 0.7940E-04
  zzz      above
 0.5534E+02 0.5534E+02 0.5534E+02 0.5534E+02 0.5534E+02 0.5534E+02 0.5534E+02 0.5534E+02 0.5534E+02 0.5534E+02 0.5534E+02 0.5534E+02 0.5534E+02 0.5534E+02 0.5534E+02 0.5534E+02 0.5534E+02 0.5534E+02 0.5534E+02 0.5534E+02 0.5534E+02 0.5534E+02 0.5534E+02 0.5534E+02 0.5534E+02 0.5534E+02 0.5534E+02 0.5534E+02 0.5534E+02 0.5534E+02 0.5534E+02 0.5534E+02 0.5534E+02 0.5534E+02 0.5534E+02 0.5534E+02 0.5534E+02 0.5534E+02 0.5534E+02 0.5534E+02 0.5534E+02 0.5534E+02 0.5534E+02 0.5534E+02 0.5534E+02 0.5534E+02 0.5534E+02 0.5534E+02 0.5534E+02 0.5534E+02 0.5500E+02
  zzz      above
 0.1000E-14 0.1000E-14 0.1000E-14 0.1000E-14 0.1000E-14 0.1000E-14 0.1000E-14 0.1000E-14 0.1000E-14 0.1000E-14 0.1000E-14 0.1000E-14 0.1000E-14 0.1000E-14 0.1000E-14 0.1000E-14 0.1000E-14 0.1000E-14 0.1000E-14 0.1000E-14 0.1000E-14 0.1000E-14 0.1000E-14 0.1000E-14 0.1000E-14 0.1000E-14 0.1000E-14 0.1000E-14 0.1000E-14 0.1000E-14 0.1000E-14 0.1000E-14 0.1000E-14 0.1000E-14 0.1000E-14 0.1000E-14 0.1000E-14 0.1000E-14 0.1000E-14 0.1000E-14 0.1000E-14 0.1000E-14 0.1000E-14 0.1000E-14 0.1000E-14 0.1000E-14 0.1000E-14 0.1000E-14 0.1000E-14 0.1000E-14 0.1000E-14
  zzz      above
 0.6627E-07 0.3181E-07 0.1403E-07 0.5860E-08 0.2732E-08 0.1324E-08 0.6542E-09 0.3368E-09 0.2037E-09 0.1650E-09 0.1660E-09 0.1677E-09 0.1698E-09 0.1729E-09 0.1766E-09 0.1808E-09 0.1854E-09 0.1900E-09 0.1940E-09 0.1966E-09 0.1999E-09 0.1881E-09 0.1794E-09 0.1688E-09 0.1594E-09 0.1509E-09 0.1445E-09 0.1385E-09 0.1336E-09 0.1301E-09 0.1271E-09 0.1248E-09 0.1230E-09 0.1219E-09 0.1210E-09 0.1205E-09 0.1201E-09 0.1198E-09 0.1197E-09 0.1196E-09 0.1196E-09 0.1196E-09 0.1196E-09 0.1196E-09 0.1196E-09 0.1196E-09 0.1196E-09 0.1196E-09 0.1196E-09 0.1196E-09 0.1316E-09
  O2_aq    above
 0.7559E-14 0.1245E-12 0.1865E-11 0.2290E-10 0.2298E-09 0.2090E-08 0.1952E-07 0.1521E-06 0.8055E-06 0.1668E-05 0.1707E-05 0.1770E-05 0.1854E-05 0.1989E-05 0.2168E-05 0.2401E-05 0.2750E-05 0.3122E-05 0.3654E-05 0.4319E-05 0.5657E-05 0.5608E-05 0.5691E-05 0.5852E-05 0.6036E-05 0.6195E-05 0.6241E-05 0.6272E-05 0.6421E-05 0.6378E-05 0.6397E-05 0.6413E-05 0.6433E-05 0.6454E-05 0.6466E-05 0.6471E-05 0.6448E-05 0.6499E-05 0.6488E-05 0.6497E-05 0.6526E-05 0.6527E-05 0.6495E-05 0.6488E-05 0.6504E-05 0.6494E-05 0.6505E-05 0.6496E-05 0.6497E-05 0.6485E-05 0.5764E-05
  O2_aq    above
 0.8609E-10 0.6110E-09 0.1353E-07 0.2129E-07 0.9989E-07 0.4270E-06 0.1747E-05 0.6623E-05 0.1812E-04 0.2747E-04 0.2684E-04 0.2589E-04 0.2469E-04 0.2303E-04 0.2113E-04 0.1910E-04 0.1697E-04 0.1472E-04 0.1253E-04 0.1062E-04 0.8164E-05 0.8253E-05 0.8540E-05 0.7374E-05 0.7033E-05 0.6427E-05 0.5753E-05 0.4851E-05 0.3956E-05 0.3143E-05 0.2383E-05 0.1732E-05 0.1190E-05 0.8311E-06 0.5625E-06 0.3592E-06 0.2262E-06 0.1252E-06 0.8127E-07 0.4986E-07 0.2886E-07 0.1691E-07 0.1182E-07 0.6802E-08 0.4825E-08 0.3793E-08 0.3307E-08 0.3065E-08 0.2963E-08 0.2883E-08 0.2782E-31
  O2_aq    above
 0.8859E-07 0.3008E-06 0.7949E-06 0.1945E-05 0.4233E-05 0.8798E-05 0.1788E-04 0.3479E-04 0.5762E-04 0.7119E-04 0.7069E-04 0.6998E-04 0.6901E-04 0.6755E-04 0.6593E-04 0.6417E-04 0.6245E-04 0.6053E-04 0.5896E-04 0.5784E-04 0.5670E-04 0.5961E-04 0.6169E-04 0.6605E-04 0.6880E-04 0.7210E-04 0.7481E-04 0.7773E-04 0.7964E-04 0.8157E-04 0.8311E-04 0.8431E-04 0.8523E-04 0.8579E-04 0.8624E-04 0.8654E-04 0.8653E-04 0.8697E-04 0.8697E-04 0.8709E-04 0.8703E-04 0.8721E-04 0.8708E-04 0.8707E-04 0.8711E-04 0.8710E-04 0.8714E-04 0.8709E-04 0.8705E-04 0.8711E-04 0.8341E-04
  O2_aq    above
 0.1124E-07 0.1833E-07 0.2446E-07 0.2176E-07 0.2222E-07 0.2224E-07 0.2234E-07 0.2237E-07 0.2239E-07 0.2240E-07 0.2240E-07 0.2244E-07 0.2232E-07 0.2240E-07 0.2257E-07 0.2256E-07 0.2238E-07 0.2237E-07 0.2211E-07 0.2215E-07 0.2256E-07 0.1875E-07 0.2259E-07 0.2200E-07 0.2242E-07 0.2239E-07 0.2261E-07 0.2229E-07 0.2244E-07 0.2239E-07 0.2250E-07 0.2285E-07 0.2239E-07 0.2240E-07 0.2241E-07 0.2241E-07 0.2247E-07 0.2240E-07 0.2240E-07 0.2240E-07 0.2241E-07 0.2241E-07 0.2241E-07 0.2238E-07 0.2241E-07 0.2241E-07 0.2241E-07 0.2241E-07 0.2239E-07 0.2241E-07 0.2579E-07
  O2_aq    above
 0.0000E+00 0.0000E+00 0.0000E+00 0.0000E+00 0.0000E+00 0.0000E+00 0.0000E+00 0.0000E+00 0.0000E+00 0.0000E+00 0.0000E+00 0.0000E+00 0.0000E+00 0.0000E+00 0.0000E+00 0.0000E+00 0.0000E+00 0.0000E+00 0.0000E+00 0.0000E+00 0.0000E+00 0.0000E+00 0.0000E+00 0.0000E+00 0.0000E+00 0.0000E+00 0.0000E+00 0.0000E+00 0.0000E+00 0.0000E+00 0.0000E+00 0.0000E+00 0.0000E+00 0.0000E+00 0.0000E+00 0.0000E+00 0.0000E+00 0.0000E+00 0.0000E+00 0.0000E+00 0.0000E+00 0.0000E+00 0.0000E+00 0.0000E+00 0.0000E+00 0.0000E+00 0.0000E+00 0.0000E+00 0.0000E+00 0.0000E+00 0.2579E-07
  O2_aq    above
 0.0000E+00 0.0000E+00 0.0000E+00 0.0000E+00 0.0000E+00 0.0000E+00 0.0000E+00 0.0000E+00 0.0000E+00 0.0000E+00 0.0000E+00 0.0000E+00 0.0000E+00 0.0000E+00 0.0000E+00 0.0000E+00 0.0000E+00 0.0000E+00 0.0000E+00 0.0000E+00 0.0000E+00 0.0000E+00 0.0000E+00 0.0000E+00 0.0000E+00 0.0000E+00 0.0000E+00 0.0000E+00 0.0000E+00 0.0000E+00 0.0000E+00 0.0000E+00 0.0000E+00 0.0000E+00 0.0000E+00 0.0000E+00 0.0000E+00 0.0000E+00 0.0000E+00 0.0000E+00 0.0000E+00 0.0000E+00 0.0000E+00 0.0000E+00 0.0000E+00 0.0000E+00 0.0000E+00 0.0000E+00 0.0000E+00 0.0000E+00 0.2579E-07
  O2_aq    above
 0.1000E-04 0.1000E-04 0.1000E-04 0.1000E-04 0.1000E-04 0.1000E-04 0.1000E-04 0.1000E-04 0.1000E-04 0.1000E-04 0.1000E-04 0.1000E-04 0.1000E-04 0.1000E-04 0.1000E-04 0.1000E-04 0.1000E-04 0.1001E-04 0.1001E-04 0.1001E-04 0.1001E-04 0.1001E-04 0.1001E-04 0.1002E-04 0.1002E-04 0.1002E-04 0.1001E-04 0.1001E-04 0.1001E-04 0.1000E-04 0.1000E-04 0.1001E-04 0.1001E-04 0.1001E-04 0.1001E-04 0.1001E-04 0.1001E-04 0.1001E-04 0.1001E-04 0.1001E-04 0.1001E-04 0.1001E-04 0.1001E-04 0.1001E-04 0.1001E-04 0.1001E-04 0.1000E-04 0.1000E-04 0.1000E-04 0.1000E-04 0.2579E-07
  O2_aq    above
 time =     21000.00000000000     
