 0.1000E-06 0.1226E-03 0.1245E-03 0.1245E-03 0.1245E-03 0.1245E-03 0.1245E-03 0.1245E-03 0.1245E-03 0.1245E-03 0.1245E-03 0.1245E-03 0.1245E-03 0.1245E-03 0.1245E-03 0.1245E-03 0.1245E-03 0.1245E-03 0.1245E-03 0.1245E-03 0.1245E-03 0.1245E-03 0.1245E-03 0.1245E-03 0.1245E-03 0.1245E-03 0.1245E-03 0.1245E-03 0.1245E-03 0.1245E-03 0.1245E-03 0.1245E-03 0.1245E-03 0.1245E-03 0.1245E-03 0.1245E-03 0.1245E-03 0.1245E-03 0.1245E-03 0.1245E-03 0.1245E-03 0.1245E-03 0.1245E-03 0.1245E-03 0.1245E-03 0.1245E-03 0.1245E-03 0.1245E-03 0.1245E-03 0.1245E-03 0.1150E-03
  zzz      above
 0.8711E-10 0.3682E-04 0.3738E-04 0.3738E-04 0.3738E-04 0.3738E-04 0.3738E-04 0.3738E-04 0.3738E-04 0.3738E-04 0.3738E-04 0.3740E-04 0.3738E-04 0.3738E-04 0.3738E-04 0.3738E-04 0.3738E-04 0.3738E-04 0.3738E-04 0.3738E-04 0.3738E-04 0.3738E-04 0.3738E-04 0.3738E-04 0.3738E-04 0.3738E-04 0.3738E-04 0.3738E-04 0.3738E-04 0.3738E-04 0.3738E-04 0.3738E-04 0.3738E-04 0.3738E-04 0.3738E-04 0.3738E-04 0.3738E-04 0.3738E-04 0.3738E-04 0.3738E-04 0.3738E-04 0.3738E-04 0.3738E-04 0.3738E-04 0.3738E-04 0.3738E-04 0.3738E-04 0.3738E-04 0.3738E-04 0.3738E-04 0.3470E-04
  zzz      above
 0.2000E-02 0.3016E-04 0.9714E-07 0.9714E-07 0.9714E-07 0.9714E-07 0.9714E-07 0.9714E-07 0.9714E-07 0.9714E-07 0.9714E-07 0.9712E-07 0.9714E-07 0.9714E-07 0.9714E-07 0.9714E-07 0.9714E-07 0.9714E-07 0.9714E-07 0.9714E-07 0.9714E-07 0.9714E-07 0.9714E-07 0.9714E-07 0.9714E-07 0.9714E-07 0.9714E-07 0.9714E-07 0.9714E-07 0.9714E-07 0.9714E-07 0.9714E-07 0.9714E-07 0.9714E-07 0.9714E-07 0.9714E-07 0.9714E-07 0.9714E-07 0.9714E-07 0.9714E-07 0.9714E-07 0.9714E-07 0.9714E-07 0.9714E-07 0.9714E-07 0.9714E-07 0.9714E-07 0.9714E-07 0.9714E-07 0.9714E-07 0.1000E-29
  zzz      above
 0.4000E-02 0.6032E-04 0.2000E-06 0.2000E-06 0.2000E-06 0.2000E-06 0.2000E-06 0.2000E-06 0.2000E-06 0.2000E-06 0.2000E-06 0.2000E-06 0.2000E-06 0.2000E-06 0.2000E-06 0.2000E-06 0.2000E-06 0.2000E-06 0.2000E-06 0.2000E-06 0.2000E-06 0.2000E-06 0.2000E-06 0.2000E-06 0.2000E-06 0.2000E-06 0.2000E-06 0.2000E-06 0.2000E-06 0.2000E-06 0.2000E-06 0.2000E-06 0.2000E-06 0.2000E-06 0.2000E-06 0.2000E-06 0.2000E-06 0.2000E-06 0.2000E-06 0.2000E-06 0.2000E-06 0.2000E-06 0.2000E-06 0.2000E-06 0.2000E-06 0.2000E-06 0.2000E-06 0.2000E-06 0.2000E-06 0.2000E-06 0.1000E-29
  zzz      above
 0.1773E-06 0.8584E-04 0.8715E-04 0.8715E-04 0.8715E-04 0.8715E-04 0.8715E-04 0.8715E-04 0.8715E-04 0.8715E-04 0.8715E-04 0.8712E-04 0.8715E-04 0.8715E-04 0.8715E-04 0.8715E-04 0.8715E-04 0.8715E-04 0.8715E-04 0.8715E-04 0.8715E-04 0.8715E-04 0.8715E-04 0.8715E-04 0.8715E-04 0.8715E-04 0.8715E-04 0.8715E-04 0.8715E-04 0.8715E-04 0.8715E-04 0.8715E-04 0.8715E-04 0.8715E-04 0.8715E-04 0.8715E-04 0.8715E-04 0.8715E-04 0.8715E-04 0.8715E-04 0.8715E-04 0.8715E-04 0.8715E-04 0.8715E-04 0.8715E-04 0.8715E-04 0.8715E-04 0.8715E-04 0.8715E-04 0.8715E-04 0.7940E-04
  zzz      above
 0.5534E+02 0.5534E+02 0.5534E+02 0.5534E+02 0.5534E+02 0.5534E+02 0.5534E+02 0.5534E+02 0.5534E+02 0.5534E+02 0.5534E+02 0.5534E+02 0.5534E+02 0.5534E+02 0.5534E+02 0.5534E+02 0.5534E+02 0.5534E+02 0.5534E+02 0.5534E+02 0.5534E+02 0.5534E+02 0.5534E+02 0.5534E+02 0.5534E+02 0.5534E+02 0.5534E+02 0.5534E+02 0.5534E+02 0.5534E+02 0.5534E+02 0.5534E+02 0.5534E+02 0.5534E+02 0.5534E+02 0.5534E+02 0.5534E+02 0.5534E+02 0.5534E+02 0.5534E+02 0.5534E+02 0.5534E+02 0.5534E+02 0.5534E+02 0.5534E+02 0.5534E+02 0.5534E+02 0.5534E+02 0.5534E+02 0.5534E+02 0.5500E+02
  zzz      above
 0.1000E-14 0.1000E-14 0.1000E-14 0.1000E-14 0.1000E-14 0.1000E-14 0.1000E-14 0.1000E-14 0.1000E-14 0.1000E-14 0.1000E-14 0.1000E-14 0.1000E-14 0.1000E-14 0.1000E-14 0.1000E-14 0.1000E-14 0.1000E-14 0.1000E-14 0.1000E-14 0.1000E-14 0.1000E-14 0.1000E-14 0.1000E-14 0.1000E-14 0.1000E-14 0.1000E-14 0.1000E-14 0.1000E-14 0.1000E-14 0.1000E-14 0.1000E-14 0.1000E-14 0.1000E-14 0.1000E-14 0.1000E-14 0.1000E-14 0.1000E-14 0.1000E-14 0.1000E-14 0.1000E-14 0.1000E-14 0.1000E-14 0.1000E-14 0.1000E-14 0.1000E-14 0.1000E-14 0.1000E-14 0.1000E-14 0.1000E-14 0.1000E-14
  zzz      above
 0.6627E-07 0.1114E-08 0.1196E-09 0.1196E-09 0.1196E-09 0.1196E-09 0.1196E-09 0.1196E-09 0.1196E-09 0.1196E-09 0.1196E-09 0.1196E-09 0.1196E-09 0.1196E-09 0.1196E-09 0.1196E-09 0.1196E-09 0.1196E-09 0.1196E-09 0.1196E-09 0.1196E-09 0.1196E-09 0.1196E-09 0.1196E-09 0.1196E-09 0.1196E-09 0.1196E-09 0.1196E-09 0.1196E-09 0.1196E-09 0.1196E-09 0.1196E-09 0.1196E-09 0.1196E-09 0.1196E-09 0.1196E-09 0.1196E-09 0.1196E-09 0.1196E-09 0.1196E-09 0.1196E-09 0.1196E-09 0.1196E-09 0.1196E-09 0.1196E-09 0.1196E-09 0.1196E-09 0.1196E-09 0.1196E-09 0.1196E-09 0.1316E-09
  O2_aq    above
 0.7559E-14 0.6395E-05 0.6493E-05 0.6493E-05 0.6493E-05 0.6493E-05 0.6493E-05 0.6493E-05 0.6493E-05 0.6493E-05 0.6493E-05 0.6501E-05 0.6493E-05 0.6493E-05 0.6493E-05 0.6493E-05 0.6493E-05 0.6493E-05 0.6493E-05 0.6493E-05 0.6493E-05 0.6493E-05 0.6493E-05 0.6493E-05 0.6493E-05 0.6493E-05 0.6493E-05 0.6493E-05 0.6493E-05 0.6493E-05 0.6493E-05 0.6493E-05 0.6493E-05 0.6493E-05 0.6493E-05 0.6493E-05 0.6493E-05 0.6493E-05 0.6493E-05 0.6493E-05 0.6493E-05 0.6493E-05 0.6493E-05 0.6493E-05 0.6493E-05 0.6493E-05 0.6493E-05 0.6493E-05 0.6493E-05 0.6493E-05 0.8896E-05
  O2_aq    above
 0.8609E-10 0.2842E-08 0.2884E-08 0.2884E-08 0.2884E-08 0.2884E-08 0.2884E-08 0.2884E-08 0.2884E-08 0.2884E-08 0.2884E-08 0.2884E-08 0.2884E-08 0.2884E-08 0.2884E-08 0.2884E-08 0.2884E-08 0.2884E-08 0.2884E-08 0.2884E-08 0.2884E-08 0.2884E-08 0.2884E-08 0.2884E-08 0.2884E-08 0.2884E-08 0.2884E-08 0.2884E-08 0.2884E-08 0.2884E-08 0.2884E-08 0.2884E-08 0.2884E-08 0.2884E-08 0.2884E-08 0.2884E-08 0.2884E-08 0.2884E-08 0.2884E-08 0.2884E-08 0.2884E-08 0.2884E-08 0.2884E-08 0.2884E-08 0.2884E-08 0.2884E-08 0.2884E-08 0.2884E-08 0.2884E-08 0.2884E-08 0.1157E-30
  O2_aq    above
 0.8859E-07 0.8579E-04 0.8710E-04 0.8710E-04 0.8710E-04 0.8710E-04 0.8710E-04 0.8710E-04 0.8710E-04 0.8710E-04 0.8710E-04 0.8708E-04 0.8710E-04 0.8710E-04 0.8710E-04 0.8710E-04 0.8710E-04 0.8710E-04 0.8710E-04 0.8710E-04 0.8710E-04 0.8710E-04 0.8710E-04 0.8710E-04 0.8710E-04 0.8710E-04 0.8710E-04 0.8710E-04 0.8710E-04 0.8710E-04 0.8710E-04 0.8710E-04 0.8710E-04 0.8710E-04 0.8710E-04 0.8710E-04 0.8710E-04 0.8710E-04 0.8710E-04 0.8710E-04 0.8710E-04 0.8710E-04 0.8710E-04 0.8710E-04 0.8710E-04 0.8710E-04 0.8710E-04 0.8710E-04 0.8710E-04 0.8710E-04 0.8918E-04
  O2_aq    above
 0.1124E-07 0.2224E-07 0.2241E-07 0.2241E-07 0.2241E-07 0.2241E-07 0.2241E-07 0.2241E-07 0.2241E-07 0.2241E-07 0.2241E-07 0.2242E-07 0.2241E-07 0.2241E-07 0.2241E-07 0.2241E-07 0.2241E-07 0.2241E-07 0.2241E-07 0.2241E-07 0.2241E-07 0.2241E-07 0.2241E-07 0.2241E-07 0.2241E-07 0.2241E-07 0.2241E-07 0.2241E-07 0.2241E-07 0.2241E-07 0.2241E-07 0.2241E-07 0.2241E-07 0.2241E-07 0.2241E-07 0.2241E-07 0.2241E-07 0.2241E-07 0.2241E-07 0.2241E-07 0.2241E-07 0.2241E-07 0.2241E-07 0.2241E-07 0.2241E-07 0.2241E-07 0.2241E-07 0.2241E-07 0.2241E-07 0.2241E-07 0.2579E-07
  O2_aq    above
 0.0000E+00 0.0000E+00 0.0000E+00 0.0000E+00 0.0000E+00 0.0000E+00 0.0000E+00 0.0000E+00 0.0000E+00 0.0000E+00 0.0000E+00 0.0000E+00 0.0000E+00 0.0000E+00 0.0000E+00 0.0000E+00 0.0000E+00 0.0000E+00 0.0000E+00 0.0000E+00 0.0000E+00 0.0000E+00 0.0000E+00 0.0000E+00 0.0000E+00 0.0000E+00 0.0000E+00 0.0000E+00 0.0000E+00 0.0000E+00 0.0000E+00 0.0000E+00 0.0000E+00 0.0000E+00 0.0000E+00 0.0000E+00 0.0000E+00 0.0000E+00 0.0000E+00 0.0000E+00 0.0000E+00 0.0000E+00 0.0000E+00 0.0000E+00 0.0000E+00 0.0000E+00 0.0000E+00 0.0000E+00 0.0000E+00 0.0000E+00 0.4898E-11
  O2_aq    above
 0.0000E+00 0.0000E+00 0.0000E+00 0.0000E+00 0.0000E+00 0.0000E+00 0.0000E+00 0.0000E+00 0.0000E+00 0.0000E+00 0.0000E+00 0.0000E+00 0.0000E+00 0.0000E+00 0.0000E+00 0.0000E+00 0.0000E+00 0.0000E+00 0.0000E+00 0.0000E+00 0.0000E+00 0.0000E+00 0.0000E+00 0.0000E+00 0.0000E+00 0.0000E+00 0.0000E+00 0.0000E+00 0.0000E+00 0.0000E+00 0.0000E+00 0.0000E+00 0.0000E+00 0.0000E+00 0.0000E+00 0.0000E+00 0.0000E+00 0.0000E+00 0.0000E+00 0.0000E+00 0.0000E+00 0.0000E+00 0.0000E+00 0.0000E+00 0.0000E+00 0.0000E+00 0.0000E+00 0.0000E+00 0.0000E+00 0.0000E+00 0.4898E-11
  O2_aq    above
 0.1000E-04 0.1000E-04 0.1000E-04 0.1000E-04 0.1000E-04 0.1000E-04 0.1000E-04 0.1000E-04 0.1000E-04 0.1000E-04 0.1000E-04 0.1000E-04 0.1000E-04 0.1000E-04 0.1000E-04 0.1000E-04 0.1000E-04 0.1000E-04 0.1000E-04 0.1000E-04 0.1000E-04 0.1000E-04 0.1000E-04 0.1000E-04 0.1000E-04 0.1000E-04 0.1000E-04 0.1000E-04 0.1000E-04 0.1000E-04 0.1000E-04 0.1000E-04 0.1000E-04 0.1000E-04 0.1000E-04 0.1000E-04 0.1000E-04 0.1000E-04 0.1000E-04 0.1000E-04 0.1000E-04 0.1000E-04 0.1000E-04 0.1000E-04 0.1000E-04 0.1000E-04 0.1000E-04 0.1000E-04 0.1000E-04 0.1000E-04 0.4898E-11
  O2_aq    above
 time =    1.00000000000000     
