 0.1000E-06 0.1309E-03 0.1242E-03 0.1245E-03 0.1245E-03 0.1245E-03 0.1245E-03 0.1245E-03 0.1245E-03 0.1245E-03 0.1245E-03 0.1245E-03 0.1245E-03 0.1245E-03 0.1245E-03 0.1245E-03 0.1245E-03 0.1245E-03 0.1245E-03 0.1245E-03 0.1245E-03 0.1245E-03 0.1245E-03 0.1245E-03 0.1245E-03 0.1245E-03 0.1245E-03 0.1245E-03 0.1245E-03 0.1245E-03 0.1245E-03 0.1245E-03 0.1245E-03 0.1245E-03 0.1245E-03 0.1245E-03 0.1245E-03 0.1245E-03 0.1245E-03 0.1245E-03 0.1245E-03 0.1245E-03 0.1245E-03 0.1245E-03 0.1245E-03 0.1245E-03 0.1245E-03 0.1245E-03 0.1245E-03 0.1245E-03 0.1150E-03
  zzz      above
 0.8711E-10 0.3648E-04 0.3717E-04 0.3737E-04 0.3738E-04 0.3738E-04 0.3738E-04 0.3738E-04 0.3738E-04 0.3738E-04 0.3738E-04 0.3739E-04 0.3738E-04 0.3738E-04 0.3738E-04 0.3738E-04 0.3738E-04 0.3739E-04 0.3738E-04 0.3738E-04 0.3738E-04 0.3738E-04 0.3738E-04 0.3738E-04 0.3738E-04 0.3738E-04 0.3738E-04 0.3738E-04 0.3738E-04 0.3740E-04 0.3738E-04 0.3738E-04 0.3738E-04 0.3738E-04 0.3738E-04 0.3738E-04 0.3738E-04 0.3738E-04 0.3738E-04 0.3738E-04 0.3738E-04 0.3738E-04 0.3738E-04 0.3738E-04 0.3738E-04 0.3738E-04 0.3738E-04 0.3738E-04 0.3738E-04 0.3738E-04 0.3470E-04
  zzz      above
 0.2000E-02 0.4360E-03 0.6210E-05 0.9711E-07 0.9714E-07 0.9714E-07 0.9714E-07 0.9714E-07 0.9714E-07 0.9714E-07 0.9714E-07 0.9712E-07 0.9713E-07 0.9714E-07 0.9714E-07 0.9714E-07 0.9714E-07 0.9712E-07 0.9714E-07 0.9714E-07 0.9714E-07 0.9714E-07 0.9714E-07 0.9714E-07 0.9714E-07 0.9714E-07 0.9714E-07 0.9714E-07 0.9714E-07 0.9712E-07 0.9714E-07 0.9714E-07 0.9714E-07 0.9714E-07 0.9714E-07 0.9714E-07 0.9714E-07 0.9714E-07 0.9714E-07 0.9714E-07 0.9714E-07 0.9714E-07 0.9714E-07 0.9714E-07 0.9714E-07 0.9714E-07 0.9714E-07 0.9714E-07 0.9714E-07 0.9714E-07 0.1000E-29
  zzz      above
 0.4000E-02 0.8931E-03 0.1279E-04 0.2000E-06 0.2000E-06 0.2000E-06 0.2000E-06 0.2000E-06 0.2000E-06 0.2000E-06 0.2000E-06 0.2000E-06 0.2000E-06 0.2000E-06 0.2000E-06 0.2000E-06 0.2000E-06 0.2000E-06 0.2000E-06 0.2000E-06 0.2000E-06 0.2000E-06 0.2000E-06 0.2000E-06 0.2000E-06 0.2000E-06 0.2000E-06 0.2000E-06 0.2000E-06 0.2000E-06 0.2000E-06 0.2000E-06 0.2000E-06 0.2000E-06 0.2000E-06 0.2000E-06 0.2000E-06 0.2000E-06 0.2000E-06 0.2000E-06 0.2000E-06 0.2000E-06 0.2000E-06 0.2000E-06 0.2000E-06 0.2000E-06 0.2000E-06 0.2000E-06 0.2000E-06 0.2000E-06 0.1000E-29
  zzz      above
 0.1773E-06 0.8394E-04 0.8684E-04 0.8716E-04 0.8715E-04 0.8715E-04 0.8715E-04 0.8715E-04 0.8715E-04 0.8715E-04 0.8714E-04 0.8713E-04 0.8714E-04 0.8715E-04 0.8715E-04 0.8715E-04 0.8715E-04 0.8714E-04 0.8715E-04 0.8715E-04 0.8715E-04 0.8715E-04 0.8715E-04 0.8715E-04 0.8715E-04 0.8715E-04 0.8715E-04 0.8715E-04 0.8715E-04 0.8711E-04 0.8715E-04 0.8715E-04 0.8715E-04 0.8715E-04 0.8715E-04 0.8715E-04 0.8715E-04 0.8715E-04 0.8715E-04 0.8715E-04 0.8715E-04 0.8715E-04 0.8715E-04 0.8715E-04 0.8715E-04 0.8715E-04 0.8715E-04 0.8715E-04 0.8715E-04 0.8715E-04 0.7940E-04
  zzz      above
 0.5534E+02 0.5534E+02 0.5534E+02 0.5534E+02 0.5534E+02 0.5534E+02 0.5534E+02 0.5534E+02 0.5534E+02 0.5534E+02 0.5534E+02 0.5534E+02 0.5534E+02 0.5534E+02 0.5534E+02 0.5534E+02 0.5534E+02 0.5534E+02 0.5534E+02 0.5534E+02 0.5534E+02 0.5534E+02 0.5534E+02 0.5534E+02 0.5534E+02 0.5534E+02 0.5534E+02 0.5534E+02 0.5534E+02 0.5534E+02 0.5534E+02 0.5534E+02 0.5534E+02 0.5534E+02 0.5534E+02 0.5534E+02 0.5534E+02 0.5534E+02 0.5534E+02 0.5534E+02 0.5534E+02 0.5534E+02 0.5534E+02 0.5534E+02 0.5534E+02 0.5534E+02 0.5534E+02 0.5534E+02 0.5534E+02 0.5534E+02 0.5500E+02
  zzz      above
 0.1000E-14 0.1000E-14 0.1000E-14 0.1000E-14 0.1000E-14 0.1000E-14 0.1000E-14 0.1000E-14 0.1000E-14 0.1000E-14 0.1000E-14 0.1000E-14 0.1000E-14 0.1000E-14 0.1000E-14 0.1000E-14 0.1000E-14 0.1000E-14 0.1000E-14 0.1000E-14 0.1000E-14 0.1000E-14 0.1000E-14 0.1000E-14 0.1000E-14 0.1000E-14 0.1000E-14 0.1000E-14 0.1000E-14 0.1000E-14 0.1000E-14 0.1000E-14 0.1000E-14 0.1000E-14 0.1000E-14 0.1000E-14 0.1000E-14 0.1000E-14 0.1000E-14 0.1000E-14 0.1000E-14 0.1000E-14 0.1000E-14 0.1000E-14 0.1000E-14 0.1000E-14 0.1000E-14 0.1000E-14 0.1000E-14 0.1000E-14 0.1000E-14
  zzz      above
 0.6627E-07 0.1298E-09 0.1201E-09 0.1196E-09 0.1196E-09 0.1196E-09 0.1196E-09 0.1196E-09 0.1196E-09 0.1196E-09 0.1196E-09 0.1196E-09 0.1196E-09 0.1196E-09 0.1196E-09 0.1196E-09 0.1196E-09 0.1196E-09 0.1196E-09 0.1196E-09 0.1196E-09 0.1196E-09 0.1196E-09 0.1196E-09 0.1196E-09 0.1196E-09 0.1196E-09 0.1196E-09 0.1196E-09 0.1196E-09 0.1196E-09 0.1196E-09 0.1196E-09 0.1196E-09 0.1196E-09 0.1196E-09 0.1196E-09 0.1196E-09 0.1196E-09 0.1196E-09 0.1196E-09 0.1196E-09 0.1196E-09 0.1196E-09 0.1196E-09 0.1196E-09 0.1196E-09 0.1196E-09 0.1196E-09 0.1196E-09 0.1316E-09
  O2_aq    above
 0.7559E-14 0.5514E-05 0.6411E-05 0.6488E-05 0.6493E-05 0.6493E-05 0.6493E-05 0.6493E-05 0.6493E-05 0.6493E-05 0.6494E-05 0.6499E-05 0.6495E-05 0.6493E-05 0.6493E-05 0.6493E-05 0.6493E-05 0.6497E-05 0.6493E-05 0.6493E-05 0.6493E-05 0.6493E-05 0.6493E-05 0.6493E-05 0.6493E-05 0.6493E-05 0.6493E-05 0.6493E-05 0.6493E-05 0.6504E-05 0.6493E-05 0.6493E-05 0.6493E-05 0.6493E-05 0.6493E-05 0.6493E-05 0.6493E-05 0.6493E-05 0.6493E-05 0.6493E-05 0.6493E-05 0.6493E-05 0.6493E-05 0.6493E-05 0.6493E-05 0.6493E-05 0.6493E-05 0.6493E-05 0.6493E-05 0.6493E-05 0.8896E-05
  O2_aq    above
 0.8609E-10 0.1053E-04 0.1863E-06 0.2884E-08 0.2884E-08 0.2884E-08 0.2884E-08 0.2884E-08 0.2884E-08 0.2884E-08 0.2884E-08 0.2884E-08 0.2884E-08 0.2884E-08 0.2884E-08 0.2884E-08 0.2884E-08 0.2884E-08 0.2884E-08 0.2884E-08 0.2884E-08 0.2884E-08 0.2884E-08 0.2884E-08 0.2884E-08 0.2884E-08 0.2884E-08 0.2884E-08 0.2884E-08 0.2884E-08 0.2884E-08 0.2884E-08 0.2884E-08 0.2884E-08 0.2884E-08 0.2884E-08 0.2884E-08 0.2884E-08 0.2884E-08 0.2884E-08 0.2884E-08 0.2884E-08 0.2884E-08 0.2884E-08 0.2884E-08 0.2884E-08 0.2884E-08 0.2884E-08 0.2884E-08 0.2884E-08 0.1157E-30
  O2_aq    above
 0.8859E-07 0.8389E-04 0.8679E-04 0.8712E-04 0.8710E-04 0.8710E-04 0.8710E-04 0.8710E-04 0.8710E-04 0.8710E-04 0.8710E-04 0.8708E-04 0.8710E-04 0.8710E-04 0.8710E-04 0.8710E-04 0.8710E-04 0.8709E-04 0.8710E-04 0.8710E-04 0.8710E-04 0.8710E-04 0.8710E-04 0.8710E-04 0.8710E-04 0.8710E-04 0.8710E-04 0.8710E-04 0.8710E-04 0.8707E-04 0.8710E-04 0.8710E-04 0.8710E-04 0.8710E-04 0.8710E-04 0.8710E-04 0.8710E-04 0.8710E-04 0.8710E-04 0.8710E-04 0.8710E-04 0.8710E-04 0.8710E-04 0.8710E-04 0.8710E-04 0.8710E-04 0.8710E-04 0.8710E-04 0.8710E-04 0.8710E-04 0.8918E-04
  O2_aq    above
 0.1124E-07 0.2242E-07 0.2240E-07 0.2241E-07 0.2241E-07 0.2241E-07 0.2241E-07 0.2241E-07 0.2241E-07 0.2241E-07 0.2241E-07 0.2242E-07 0.2241E-07 0.2241E-07 0.2241E-07 0.2241E-07 0.2241E-07 0.2242E-07 0.2241E-07 0.2241E-07 0.2241E-07 0.2241E-07 0.2241E-07 0.2241E-07 0.2241E-07 0.2241E-07 0.2241E-07 0.2241E-07 0.2241E-07 0.2243E-07 0.2241E-07 0.2241E-07 0.2241E-07 0.2241E-07 0.2241E-07 0.2241E-07 0.2241E-07 0.2241E-07 0.2241E-07 0.2241E-07 0.2241E-07 0.2241E-07 0.2241E-07 0.2241E-07 0.2241E-07 0.2241E-07 0.2241E-07 0.2241E-07 0.2241E-07 0.2241E-07 0.2579E-07
  O2_aq    above
 0.0000E+00 0.0000E+00 0.0000E+00 0.0000E+00 0.0000E+00 0.0000E+00 0.0000E+00 0.0000E+00 0.0000E+00 0.0000E+00 0.0000E+00 0.0000E+00 0.0000E+00 0.0000E+00 0.0000E+00 0.0000E+00 0.0000E+00 0.0000E+00 0.0000E+00 0.0000E+00 0.0000E+00 0.0000E+00 0.0000E+00 0.0000E+00 0.0000E+00 0.0000E+00 0.0000E+00 0.0000E+00 0.0000E+00 0.0000E+00 0.0000E+00 0.0000E+00 0.0000E+00 0.0000E+00 0.0000E+00 0.0000E+00 0.0000E+00 0.0000E+00 0.0000E+00 0.0000E+00 0.0000E+00 0.0000E+00 0.0000E+00 0.0000E+00 0.0000E+00 0.0000E+00 0.0000E+00 0.0000E+00 0.0000E+00 0.0000E+00 0.4898E-11
  O2_aq    above
 0.0000E+00 0.0000E+00 0.0000E+00 0.0000E+00 0.0000E+00 0.0000E+00 0.0000E+00 0.0000E+00 0.0000E+00 0.0000E+00 0.0000E+00 0.0000E+00 0.0000E+00 0.0000E+00 0.0000E+00 0.0000E+00 0.0000E+00 0.0000E+00 0.0000E+00 0.0000E+00 0.0000E+00 0.0000E+00 0.0000E+00 0.0000E+00 0.0000E+00 0.0000E+00 0.0000E+00 0.0000E+00 0.0000E+00 0.0000E+00 0.0000E+00 0.0000E+00 0.0000E+00 0.0000E+00 0.0000E+00 0.0000E+00 0.0000E+00 0.0000E+00 0.0000E+00 0.0000E+00 0.0000E+00 0.0000E+00 0.0000E+00 0.0000E+00 0.0000E+00 0.0000E+00 0.0000E+00 0.0000E+00 0.0000E+00 0.0000E+00 0.4898E-11
  O2_aq    above
 0.1000E-04 0.1000E-04 0.9999E-05 0.1000E-04 0.1000E-04 0.1000E-04 0.1000E-04 0.1000E-04 0.1000E-04 0.1000E-04 0.1000E-04 0.1000E-04 0.1000E-04 0.1000E-04 0.1000E-04 0.1000E-04 0.1000E-04 0.1000E-04 0.1000E-04 0.1000E-04 0.1000E-04 0.1000E-04 0.1000E-04 0.1000E-04 0.1000E-04 0.1000E-04 0.1000E-04 0.1000E-04 0.1000E-04 0.1000E-04 0.1000E-04 0.1000E-04 0.1000E-04 0.1000E-04 0.1000E-04 0.1000E-04 0.1000E-04 0.1000E-04 0.1000E-04 0.1000E-04 0.1000E-04 0.1000E-04 0.1000E-04 0.1000E-04 0.1000E-04 0.1000E-04 0.1000E-04 0.1000E-04 0.1000E-04 0.1000E-04 0.4898E-11
  O2_aq    above
 time =    100.000000000000     
