 0.1000E-06 0.2744E-05 0.9643E-05 0.2400E-04 0.4846E-04 0.8109E-04 0.9311E-04 0.1095E-03 0.1362E-03 0.1737E-03 0.2127E-03 0.2645E-03 0.2240E-03 0.1955E-03 0.1743E-03 0.1576E-03 0.1449E-03 0.1364E-03 0.1311E-03 0.1282E-03 0.1264E-03 0.1254E-03 0.1249E-03 0.1247E-03 0.1246E-03 0.1245E-03 0.1245E-03 0.1245E-03 0.1245E-03 0.1245E-03 0.1245E-03 0.1245E-03 0.1245E-03 0.1245E-03 0.1245E-03 0.1245E-03 0.1245E-03 0.1245E-03 0.1245E-03 0.1245E-03 0.1245E-03 0.1245E-03 0.1245E-03 0.1245E-03 0.1245E-03 0.1245E-03 0.1245E-03 0.1245E-03 0.1245E-03 0.1245E-03 0.1181E-03
  zzz      above
 0.8711E-10 0.7575E-07 0.8299E-06 0.4172E-05 0.1251E-04 0.2644E-04 0.2510E-04 0.2363E-04 0.2198E-04 0.2059E-04 0.2003E-04 0.1991E-04 0.2336E-04 0.2639E-04 0.2933E-04 0.3185E-04 0.3379E-04 0.3520E-04 0.3611E-04 0.3660E-04 0.3700E-04 0.3721E-04 0.3727E-04 0.3735E-04 0.3736E-04 0.3738E-04 0.3738E-04 0.3735E-04 0.3739E-04 0.3731E-04 0.3738E-04 0.3738E-04 0.3738E-04 0.3738E-04 0.3738E-04 0.3739E-04 0.3738E-04 0.3736E-04 0.3738E-04 0.3738E-04 0.3738E-04 0.3738E-04 0.3738E-04 0.3738E-04 0.3738E-04 0.3738E-04 0.3738E-04 0.3738E-04 0.3738E-04 0.3739E-04 0.3470E-04
  zzz      above
 0.2000E-02 0.1995E-02 0.1983E-02 0.1960E-02 0.1916E-02 0.1854E-02 0.1741E-02 0.1603E-02 0.1407E-02 0.1171E-02 0.9356E-03 0.6858E-03 0.5341E-03 0.4058E-03 0.2955E-03 0.2049E-03 0.1315E-03 0.8077E-04 0.4705E-04 0.2759E-04 0.1476E-04 0.7374E-05 0.3422E-05 0.1598E-05 0.7455E-06 0.3602E-06 0.1929E-06 0.1297E-06 0.1080E-06 0.1002E-06 0.9799E-07 0.9736E-07 0.9722E-07 0.9719E-07 0.9718E-07 0.9718E-07 0.9717E-07 0.9715E-07 0.9717E-07 0.9718E-07 0.9718E-07 0.9707E-07 0.9715E-07 0.9718E-07 0.9720E-07 0.9721E-07 0.9719E-07 0.9720E-07 0.9716E-07 0.9713E-07 0.1000E-29
  zzz      above
 0.4000E-02 0.3987E-02 0.3959E-02 0.3905E-02 0.3809E-02 0.3679E-02 0.3484E-02 0.3247E-02 0.2915E-02 0.2524E-02 0.2134E-02 0.1737E-02 0.1336E-02 0.1007E-02 0.7297E-03 0.5034E-03 0.3210E-03 0.1961E-03 0.1135E-03 0.6620E-04 0.3522E-04 0.1748E-04 0.8054E-05 0.3731E-05 0.1718E-05 0.8124E-06 0.4218E-06 0.2755E-06 0.2253E-06 0.2074E-06 0.2021E-06 0.2005E-06 0.2001E-06 0.2000E-06 0.2000E-06 0.2000E-06 0.2000E-06 0.2000E-06 0.2000E-06 0.2000E-06 0.2000E-06 0.2000E-06 0.2000E-06 0.2000E-06 0.2000E-06 0.2000E-06 0.2000E-06 0.2000E-06 0.2000E-06 0.2000E-06 0.1000E-29
  zzz      above
 0.1773E-06 0.3680E-05 0.1229E-04 0.2745E-04 0.4755E-04 0.6912E-04 0.6743E-04 0.6572E-04 0.6356E-04 0.6176E-04 0.6124E-04 0.6176E-04 0.6682E-04 0.7144E-04 0.7566E-04 0.7904E-04 0.8206E-04 0.8397E-04 0.8533E-04 0.8615E-04 0.8661E-04 0.8688E-04 0.8708E-04 0.8711E-04 0.8712E-04 0.8714E-04 0.8714E-04 0.8717E-04 0.8714E-04 0.8722E-04 0.8717E-04 0.8715E-04 0.8714E-04 0.8714E-04 0.8714E-04 0.8712E-04 0.8714E-04 0.8719E-04 0.8714E-04 0.8715E-04 0.8715E-04 0.8714E-04 0.8713E-04 0.8714E-04 0.8714E-04 0.8715E-04 0.8716E-04 0.8714E-04 0.8714E-04 0.8712E-04 0.7940E-04
  zzz      above
 0.5534E+02 0.5534E+02 0.5534E+02 0.5534E+02 0.5534E+02 0.5534E+02 0.5534E+02 0.5534E+02 0.5534E+02 0.5534E+02 0.5534E+02 0.5534E+02 0.5534E+02 0.5534E+02 0.5534E+02 0.5534E+02 0.5534E+02 0.5534E+02 0.5534E+02 0.5534E+02 0.5534E+02 0.5534E+02 0.5534E+02 0.5534E+02 0.5534E+02 0.5534E+02 0.5534E+02 0.5534E+02 0.5534E+02 0.5534E+02 0.5534E+02 0.5534E+02 0.5534E+02 0.5534E+02 0.5534E+02 0.5534E+02 0.5534E+02 0.5534E+02 0.5534E+02 0.5534E+02 0.5534E+02 0.5534E+02 0.5534E+02 0.5534E+02 0.5534E+02 0.5534E+02 0.5534E+02 0.5534E+02 0.5534E+02 0.5534E+02 0.5500E+02
  zzz      above
 0.1000E-14 0.1000E-14 0.1000E-14 0.1000E-14 0.1000E-14 0.1000E-14 0.1000E-14 0.1000E-14 0.1000E-14 0.1000E-14 0.1000E-14 0.1000E-14 0.1000E-14 0.1000E-14 0.1000E-14 0.1000E-14 0.1000E-14 0.1000E-14 0.1000E-14 0.1000E-14 0.1000E-14 0.1000E-14 0.1000E-14 0.1000E-14 0.1000E-14 0.1000E-14 0.1000E-14 0.1000E-14 0.1000E-14 0.1000E-14 0.1000E-14 0.1000E-14 0.1000E-14 0.1000E-14 0.1000E-14 0.1000E-14 0.1000E-14 0.1000E-14 0.1000E-14 0.1000E-14 0.1000E-14 0.1000E-14 0.1000E-14 0.1000E-14 0.1000E-14 0.1000E-14 0.1000E-14 0.1000E-14 0.1000E-14 0.1000E-14 0.1000E-14
  zzz      above
 0.6627E-07 0.3185E-08 0.9545E-09 0.4269E-09 0.2464E-09 0.1693E-09 0.1728E-09 0.1767E-09 0.1812E-09 0.1848E-09 0.1847E-09 0.1816E-09 0.1657E-09 0.1526E-09 0.1431E-09 0.1354E-09 0.1296E-09 0.1257E-09 0.1231E-09 0.1216E-09 0.1206E-09 0.1201E-09 0.1198E-09 0.1196E-09 0.1196E-09 0.1196E-09 0.1196E-09 0.1196E-09 0.1196E-09 0.1196E-09 0.1196E-09 0.1196E-09 0.1196E-09 0.1196E-09 0.1196E-09 0.1196E-09 0.1196E-09 0.1196E-09 0.1196E-09 0.1196E-09 0.1196E-09 0.1196E-09 0.1196E-09 0.1196E-09 0.1196E-09 0.1196E-09 0.1196E-09 0.1196E-09 0.1196E-09 0.1196E-09 0.1316E-09
  O2_aq    above
 0.7559E-14 0.1766E-09 0.6978E-08 0.8675E-07 0.5286E-06 0.1877E-05 0.2079E-05 0.2344E-05 0.2794E-05 0.3459E-05 0.4281E-05 0.5567E-05 0.5755E-05 0.6056E-05 0.6094E-05 0.6290E-05 0.6300E-05 0.6355E-05 0.6397E-05 0.6414E-05 0.6458E-05 0.6474E-05 0.6495E-05 0.6487E-05 0.6498E-05 0.6492E-05 0.6493E-05 0.6496E-05 0.6491E-05 0.6492E-05 0.6475E-05 0.6492E-05 0.6498E-05 0.6498E-05 0.6500E-05 0.6505E-05 0.6495E-05 0.6468E-05 0.6499E-05 0.6492E-05 0.6492E-05 0.6498E-05 0.6504E-05 0.6499E-05 0.6498E-05 0.6492E-05 0.6477E-05 0.6495E-05 0.6499E-05 0.6515E-05 0.5764E-05
  O2_aq    above
 0.8609E-10 0.7434E-07 0.8137E-06 0.4050E-05 0.1190E-04 0.2443E-04 0.2212E-04 0.1955E-04 0.1642E-04 0.1327E-04 0.1072E-04 0.8180E-05 0.7607E-05 0.7285E-05 0.5902E-05 0.4631E-05 0.3256E-05 0.2143E-05 0.1307E-05 0.7875E-06 0.4299E-06 0.2159E-06 0.9916E-07 0.4734E-07 0.2211E-07 0.1068E-07 0.5729E-08 0.3852E-08 0.3208E-08 0.2977E-08 0.2910E-08 0.2891E-08 0.2886E-08 0.2886E-08 0.2886E-08 0.2886E-08 0.2886E-08 0.2886E-08 0.2885E-08 0.2885E-08 0.2885E-08 0.2885E-08 0.2885E-08 0.2885E-08 0.2886E-08 0.2886E-08 0.2886E-08 0.2886E-08 0.2885E-08 0.2884E-08 0.2782E-31
  O2_aq    above
 0.8859E-07 0.3627E-05 0.1223E-04 0.2739E-04 0.4748E-04 0.6906E-04 0.6736E-04 0.6565E-04 0.6348E-04 0.6169E-04 0.6116E-04 0.6168E-04 0.6672E-04 0.7136E-04 0.7557E-04 0.7896E-04 0.8197E-04 0.8389E-04 0.8525E-04 0.8608E-04 0.8654E-04 0.8681E-04 0.8702E-04 0.8705E-04 0.8706E-04 0.8709E-04 0.8709E-04 0.8712E-04 0.8709E-04 0.8717E-04 0.8713E-04 0.8710E-04 0.8710E-04 0.8709E-04 0.8709E-04 0.8708E-04 0.8710E-04 0.8715E-04 0.8709E-04 0.8710E-04 0.8710E-04 0.8709E-04 0.8709E-04 0.8709E-04 0.8709E-04 0.8710E-04 0.8712E-04 0.8710E-04 0.8709E-04 0.8707E-04 0.8341E-04
  O2_aq    above
 0.1124E-07 0.2258E-07 0.2238E-07 0.2237E-07 0.2240E-07 0.2240E-07 0.2225E-07 0.2217E-07 0.2238E-07 0.2238E-07 0.2240E-07 0.2249E-07 0.2886E-07 0.2265E-07 0.2238E-07 0.2256E-07 0.2239E-07 0.2363E-07 0.2240E-07 0.2239E-07 0.2240E-07 0.2241E-07 0.2241E-07 0.2241E-07 0.2241E-07 0.2241E-07 0.2241E-07 0.2241E-07 0.2241E-07 0.2247E-07 0.2241E-07 0.2241E-07 0.2241E-07 0.2241E-07 0.2242E-07 0.2241E-07 0.2241E-07 0.2241E-07 0.2241E-07 0.2241E-07 0.2241E-07 0.2241E-07 0.2241E-07 0.2241E-07 0.2241E-07 0.2241E-07 0.2241E-07 0.2241E-07 0.2241E-07 0.2241E-07 0.2579E-07
  O2_aq    above
 0.0000E+00 0.0000E+00 0.0000E+00 0.0000E+00 0.0000E+00 0.0000E+00 0.0000E+00 0.0000E+00 0.0000E+00 0.0000E+00 0.0000E+00 0.0000E+00 0.0000E+00 0.0000E+00 0.0000E+00 0.0000E+00 0.0000E+00 0.0000E+00 0.0000E+00 0.0000E+00 0.0000E+00 0.0000E+00 0.0000E+00 0.0000E+00 0.0000E+00 0.0000E+00 0.0000E+00 0.0000E+00 0.0000E+00 0.0000E+00 0.0000E+00 0.0000E+00 0.0000E+00 0.0000E+00 0.0000E+00 0.0000E+00 0.0000E+00 0.0000E+00 0.0000E+00 0.0000E+00 0.0000E+00 0.0000E+00 0.0000E+00 0.0000E+00 0.0000E+00 0.0000E+00 0.0000E+00 0.0000E+00 0.0000E+00 0.0000E+00 0.2579E-07
  O2_aq    above
 0.0000E+00 0.0000E+00 0.0000E+00 0.0000E+00 0.0000E+00 0.0000E+00 0.0000E+00 0.0000E+00 0.0000E+00 0.0000E+00 0.0000E+00 0.0000E+00 0.0000E+00 0.0000E+00 0.0000E+00 0.0000E+00 0.0000E+00 0.0000E+00 0.0000E+00 0.0000E+00 0.0000E+00 0.0000E+00 0.0000E+00 0.0000E+00 0.0000E+00 0.0000E+00 0.0000E+00 0.0000E+00 0.0000E+00 0.0000E+00 0.0000E+00 0.0000E+00 0.0000E+00 0.0000E+00 0.0000E+00 0.0000E+00 0.0000E+00 0.0000E+00 0.0000E+00 0.0000E+00 0.0000E+00 0.0000E+00 0.0000E+00 0.0000E+00 0.0000E+00 0.0000E+00 0.0000E+00 0.0000E+00 0.0000E+00 0.0000E+00 0.2579E-07
  O2_aq    above
 0.1000E-04 0.1000E-04 0.1000E-04 0.9999E-05 0.1000E-04 0.1000E-04 0.1000E-04 0.1000E-04 0.1000E-04 0.1000E-04 0.1001E-04 0.1001E-04 0.1000E-04 0.1001E-04 0.1001E-04 0.1001E-04 0.1001E-04 0.1000E-04 0.1000E-04 0.1000E-04 0.1000E-04 0.1000E-04 0.1001E-04 0.1001E-04 0.1001E-04 0.1001E-04 0.1001E-04 0.1000E-04 0.1000E-04 0.1000E-04 0.1000E-04 0.1000E-04 0.1000E-04 0.1000E-04 0.1000E-04 0.1000E-04 0.1000E-04 0.1000E-04 0.1000E-04 0.1000E-04 0.1000E-04 0.1000E-04 0.1000E-04 0.1000E-04 0.1000E-04 0.1000E-04 0.1000E-04 0.1000E-04 0.1000E-04 0.1000E-04 0.2579E-07
  O2_aq    above
 time =     10000.00000000000     
