 0.1000E-06 0.1113E-03 0.1866E-03 0.1503E-03 0.1275E-03 0.1250E-03 0.1246E-03 0.1245E-03 0.1245E-03 0.1245E-03 0.1245E-03 0.1245E-03 0.1245E-03 0.1245E-03 0.1245E-03 0.1245E-03 0.1245E-03 0.1245E-03 0.1245E-03 0.1245E-03 0.1245E-03 0.1245E-03 0.1245E-03 0.1245E-03 0.1245E-03 0.1245E-03 0.1245E-03 0.1245E-03 0.1245E-03 0.1245E-03 0.1245E-03 0.1245E-03 0.1245E-03 0.1245E-03 0.1245E-03 0.1245E-03 0.1245E-03 0.1245E-03 0.1245E-03 0.1245E-03 0.1245E-03 0.1245E-03 0.1245E-03 0.1245E-03 0.1245E-03 0.1245E-03 0.1245E-03 0.1245E-03 0.1245E-03 0.1245E-03 0.1181E-03
  zzz      above
 0.8711E-10 0.2422E-04 0.2327E-04 0.3223E-04 0.3640E-04 0.3720E-04 0.3737E-04 0.3729E-04 0.3738E-04 0.3738E-04 0.3739E-04 0.3739E-04 0.3738E-04 0.3738E-04 0.3738E-04 0.3738E-04 0.3738E-04 0.3738E-04 0.3738E-04 0.3738E-04 0.3739E-04 0.3738E-04 0.3740E-04 0.3738E-04 0.3738E-04 0.3739E-04 0.3738E-04 0.3738E-04 0.3737E-04 0.3739E-04 0.3738E-04 0.3738E-04 0.3738E-04 0.3738E-04 0.3738E-04 0.3738E-04 0.3738E-04 0.3738E-04 0.3738E-04 0.3738E-04 0.3738E-04 0.3738E-04 0.3738E-04 0.3738E-04 0.3739E-04 0.3738E-04 0.3741E-04 0.3740E-04 0.3737E-04 0.3738E-04 0.3470E-04
  zzz      above
 0.2000E-02 0.1406E-02 0.7095E-03 0.2691E-03 0.7058E-04 0.9543E-05 0.7227E-06 0.1063E-06 0.9715E-07 0.9715E-07 0.9711E-07 0.9712E-07 0.9713E-07 0.9712E-07 0.9714E-07 0.9713E-07 0.9711E-07 0.9714E-07 0.9715E-07 0.9712E-07 0.9709E-07 0.9709E-07 0.9714E-07 0.9709E-07 0.9713E-07 0.9710E-07 0.9711E-07 0.9713E-07 0.9709E-07 0.9711E-07 0.9712E-07 0.9717E-07 0.9716E-07 0.9710E-07 0.9711E-07 0.9713E-07 0.9712E-07 0.9717E-07 0.9717E-07 0.9717E-07 0.9714E-07 0.9710E-07 0.9715E-07 0.9712E-07 0.9711E-07 0.9710E-07 0.9712E-07 0.9716E-07 0.9714E-07 0.9713E-07 0.1000E-29
  zzz      above
 0.4000E-02 0.2854E-02 0.1613E-02 0.6151E-03 0.1524E-03 0.2085E-04 0.1586E-05 0.2189E-06 0.2000E-06 0.2000E-06 0.2000E-06 0.2000E-06 0.2000E-06 0.2000E-06 0.2000E-06 0.2000E-06 0.2000E-06 0.2000E-06 0.2000E-06 0.2000E-06 0.2000E-06 0.2000E-06 0.2000E-06 0.2000E-06 0.2000E-06 0.2000E-06 0.2000E-06 0.2000E-06 0.2000E-06 0.2000E-06 0.2000E-06 0.2000E-06 0.2000E-06 0.2000E-06 0.2000E-06 0.2000E-06 0.2000E-06 0.2000E-06 0.2000E-06 0.2000E-06 0.2000E-06 0.2000E-06 0.2000E-06 0.2000E-06 0.2000E-06 0.2000E-06 0.2000E-06 0.2000E-06 0.2000E-06 0.2000E-06 0.1000E-29
  zzz      above
 0.1773E-06 0.6672E-04 0.6634E-04 0.7963E-04 0.8553E-04 0.8692E-04 0.8714E-04 0.8723E-04 0.8714E-04 0.8715E-04 0.8712E-04 0.8713E-04 0.8714E-04 0.8715E-04 0.8715E-04 0.8714E-04 0.8714E-04 0.8714E-04 0.8715E-04 0.8714E-04 0.8713E-04 0.8715E-04 0.8711E-04 0.8716E-04 0.8714E-04 0.8712E-04 0.8715E-04 0.8714E-04 0.8717E-04 0.8713E-04 0.8715E-04 0.8715E-04 0.8714E-04 0.8714E-04 0.8715E-04 0.8714E-04 0.8714E-04 0.8714E-04 0.8715E-04 0.8714E-04 0.8714E-04 0.8716E-04 0.8714E-04 0.8715E-04 0.8713E-04 0.8715E-04 0.8710E-04 0.8710E-04 0.8718E-04 0.8714E-04 0.7940E-04
  zzz      above
 0.5534E+02 0.5534E+02 0.5534E+02 0.5534E+02 0.5534E+02 0.5534E+02 0.5534E+02 0.5534E+02 0.5534E+02 0.5534E+02 0.5534E+02 0.5534E+02 0.5534E+02 0.5534E+02 0.5534E+02 0.5534E+02 0.5534E+02 0.5534E+02 0.5534E+02 0.5534E+02 0.5534E+02 0.5534E+02 0.5534E+02 0.5534E+02 0.5534E+02 0.5534E+02 0.5534E+02 0.5534E+02 0.5534E+02 0.5534E+02 0.5534E+02 0.5534E+02 0.5534E+02 0.5534E+02 0.5534E+02 0.5534E+02 0.5534E+02 0.5534E+02 0.5534E+02 0.5534E+02 0.5534E+02 0.5534E+02 0.5534E+02 0.5534E+02 0.5534E+02 0.5534E+02 0.5534E+02 0.5534E+02 0.5534E+02 0.5534E+02 0.5500E+02
  zzz      above
 0.1000E-14 0.1000E-14 0.1000E-14 0.1000E-14 0.1000E-14 0.1000E-14 0.1000E-14 0.1000E-14 0.1000E-14 0.1000E-14 0.1000E-14 0.1000E-14 0.1000E-14 0.1000E-14 0.1000E-14 0.1000E-14 0.1000E-14 0.1000E-14 0.1000E-14 0.1000E-14 0.1000E-14 0.1000E-14 0.1000E-14 0.1000E-14 0.1000E-14 0.1000E-14 0.1000E-14 0.1000E-14 0.1000E-14 0.1000E-14 0.1000E-14 0.1000E-14 0.1000E-14 0.1000E-14 0.1000E-14 0.1000E-14 0.1000E-14 0.1000E-14 0.1000E-14 0.1000E-14 0.1000E-14 0.1000E-14 0.1000E-14 0.1000E-14 0.1000E-14 0.1000E-14 0.1000E-14 0.1000E-14 0.1000E-14 0.1000E-14 0.1000E-14
  zzz      above
 0.6627E-07 0.1724E-09 0.1680E-09 0.1355E-09 0.1231E-09 0.1201E-09 0.1196E-09 0.1196E-09 0.1196E-09 0.1196E-09 0.1196E-09 0.1196E-09 0.1196E-09 0.1196E-09 0.1196E-09 0.1196E-09 0.1196E-09 0.1196E-09 0.1196E-09 0.1196E-09 0.1196E-09 0.1196E-09 0.1196E-09 0.1196E-09 0.1196E-09 0.1196E-09 0.1196E-09 0.1196E-09 0.1196E-09 0.1196E-09 0.1196E-09 0.1196E-09 0.1196E-09 0.1196E-09 0.1196E-09 0.1196E-09 0.1196E-09 0.1196E-09 0.1196E-09 0.1196E-09 0.1196E-09 0.1196E-09 0.1196E-09 0.1196E-09 0.1196E-09 0.1196E-09 0.1196E-09 0.1196E-09 0.1196E-09 0.1196E-09 0.1316E-09
  O2_aq    above
 0.7559E-14 0.2523E-05 0.4600E-05 0.5764E-05 0.6204E-05 0.6462E-05 0.6469E-05 0.6499E-05 0.6499E-05 0.6492E-05 0.6503E-05 0.6498E-05 0.6499E-05 0.6492E-05 0.6492E-05 0.6499E-05 0.6494E-05 0.6499E-05 0.6492E-05 0.6500E-05 0.6500E-05 0.6485E-05 0.6514E-05 0.6483E-05 0.6499E-05 0.6516E-05 0.6492E-05 0.6499E-05 0.6481E-05 0.6502E-05 0.6492E-05 0.6492E-05 0.6499E-05 0.6500E-05 0.6492E-05 0.6499E-05 0.6500E-05 0.6499E-05 0.6492E-05 0.6498E-05 0.6499E-05 0.6484E-05 0.6499E-05 0.6493E-05 0.6500E-05 0.6485E-05 0.6516E-05 0.6517E-05 0.6468E-05 0.6499E-05 0.5764E-05
  O2_aq    above
 0.8609E-10 0.1816E-04 0.9971E-05 0.6019E-05 0.1955E-05 0.2806E-06 0.2147E-07 0.3157E-08 0.2884E-08 0.2884E-08 0.2884E-08 0.2884E-08 0.2884E-08 0.2884E-08 0.2884E-08 0.2884E-08 0.2884E-08 0.2884E-08 0.2884E-08 0.2884E-08 0.2883E-08 0.2883E-08 0.2884E-08 0.2884E-08 0.2884E-08 0.2883E-08 0.2883E-08 0.2884E-08 0.2884E-08 0.2883E-08 0.2884E-08 0.2885E-08 0.2885E-08 0.2884E-08 0.2883E-08 0.2884E-08 0.2884E-08 0.2885E-08 0.2885E-08 0.2885E-08 0.2885E-08 0.2885E-08 0.2884E-08 0.2884E-08 0.2884E-08 0.2883E-08 0.2884E-08 0.2885E-08 0.2885E-08 0.2884E-08 0.2782E-31
  O2_aq    above
 0.8859E-07 0.6667E-04 0.6629E-04 0.7958E-04 0.8548E-04 0.8687E-04 0.8709E-04 0.8719E-04 0.8709E-04 0.8710E-04 0.8708E-04 0.8709E-04 0.8709E-04 0.8710E-04 0.8710E-04 0.8709E-04 0.8710E-04 0.8709E-04 0.8710E-04 0.8709E-04 0.8709E-04 0.8711E-04 0.8706E-04 0.8711E-04 0.8709E-04 0.8707E-04 0.8710E-04 0.8709E-04 0.8712E-04 0.8708E-04 0.8710E-04 0.8710E-04 0.8709E-04 0.8709E-04 0.8710E-04 0.8709E-04 0.8709E-04 0.8709E-04 0.8710E-04 0.8709E-04 0.8709E-04 0.8711E-04 0.8709E-04 0.8710E-04 0.8709E-04 0.8711E-04 0.8705E-04 0.8706E-04 0.8714E-04 0.8709E-04 0.8341E-04
  O2_aq    above
 0.1124E-07 0.2252E-07 0.2244E-07 0.2243E-07 0.2245E-07 0.2241E-07 0.2241E-07 0.2239E-07 0.2241E-07 0.2241E-07 0.2241E-07 0.2241E-07 0.2241E-07 0.2241E-07 0.2241E-07 0.2241E-07 0.2241E-07 0.2241E-07 0.2241E-07 0.2241E-07 0.2241E-07 0.2241E-07 0.2241E-07 0.2241E-07 0.2241E-07 0.2241E-07 0.2241E-07 0.2241E-07 0.2241E-07 0.2241E-07 0.2241E-07 0.2241E-07 0.2241E-07 0.2241E-07 0.2241E-07 0.2241E-07 0.2241E-07 0.2241E-07 0.2241E-07 0.2241E-07 0.2241E-07 0.2241E-07 0.2241E-07 0.2241E-07 0.2241E-07 0.2241E-07 0.2241E-07 0.2241E-07 0.2240E-07 0.2241E-07 0.2579E-07
  O2_aq    above
 0.0000E+00 0.0000E+00 0.0000E+00 0.0000E+00 0.0000E+00 0.0000E+00 0.0000E+00 0.0000E+00 0.0000E+00 0.0000E+00 0.0000E+00 0.0000E+00 0.0000E+00 0.0000E+00 0.0000E+00 0.0000E+00 0.0000E+00 0.0000E+00 0.0000E+00 0.0000E+00 0.0000E+00 0.0000E+00 0.0000E+00 0.0000E+00 0.0000E+00 0.0000E+00 0.0000E+00 0.0000E+00 0.0000E+00 0.0000E+00 0.0000E+00 0.0000E+00 0.0000E+00 0.0000E+00 0.0000E+00 0.0000E+00 0.0000E+00 0.0000E+00 0.0000E+00 0.0000E+00 0.0000E+00 0.0000E+00 0.0000E+00 0.0000E+00 0.0000E+00 0.0000E+00 0.0000E+00 0.0000E+00 0.0000E+00 0.0000E+00 0.2579E-07
  O2_aq    above
 0.0000E+00 0.0000E+00 0.0000E+00 0.0000E+00 0.0000E+00 0.0000E+00 0.0000E+00 0.0000E+00 0.0000E+00 0.0000E+00 0.0000E+00 0.0000E+00 0.0000E+00 0.0000E+00 0.0000E+00 0.0000E+00 0.0000E+00 0.0000E+00 0.0000E+00 0.0000E+00 0.0000E+00 0.0000E+00 0.0000E+00 0.0000E+00 0.0000E+00 0.0000E+00 0.0000E+00 0.0000E+00 0.0000E+00 0.0000E+00 0.0000E+00 0.0000E+00 0.0000E+00 0.0000E+00 0.0000E+00 0.0000E+00 0.0000E+00 0.0000E+00 0.0000E+00 0.0000E+00 0.0000E+00 0.0000E+00 0.0000E+00 0.0000E+00 0.0000E+00 0.0000E+00 0.0000E+00 0.0000E+00 0.0000E+00 0.0000E+00 0.2579E-07
  O2_aq    above
 0.1000E-04 0.1000E-04 0.1000E-04 0.1000E-04 0.1000E-04 0.1000E-04 0.1000E-04 0.1000E-04 0.1000E-04 0.1000E-04 0.1000E-04 0.1000E-04 0.1000E-04 0.1000E-04 0.1000E-04 0.1000E-04 0.1000E-04 0.1000E-04 0.1000E-04 0.1000E-04 0.1000E-04 0.1000E-04 0.1000E-04 0.1000E-04 0.1000E-04 0.1000E-04 0.1000E-04 0.1000E-04 0.1000E-04 0.1000E-04 0.1000E-04 0.1000E-04 0.1000E-04 0.1000E-04 0.1000E-04 0.1000E-04 0.1000E-04 0.1000E-04 0.1000E-04 0.1000E-04 0.1000E-04 0.1000E-04 0.1000E-04 0.1000E-04 0.1000E-04 0.1000E-04 0.1000E-04 0.1000E-04 0.1000E-04 0.1000E-04 0.2579E-07
  O2_aq    above
 time =     1000.000000000000     
