    x         Ca++       CO3--      Mg++       Cl-        OH-        H2O        zzz        H+         CaCO3aq    MgCO3aq    HCO3-      H2CO3aq    CH4_aq     H2_aq      O2_aq      grafi(s)   CaCO3(s)   CaMgCO32s   c/s       porosity    pH          vx        heads   
  0.000E+00  0.100E-06  0.871E-10  0.200E-02  0.400E-02  0.177E-06  0.553E+02  0.100E-14  0.663E-07  0.756E-14  0.861E-10  0.886E-07  0.112E-07  0.000E+00  0.000E+00  0.100E-04  0.000E+00  0.000E+00  0.000E+00  0.000E+00  0.320E+00  0.795E+01  0.937E-05  0.000E+00
  0.100E-01  0.155E-03  0.309E-04  0.404E-03  0.901E-03  0.773E-04  0.553E+02  0.100E-14  0.141E-09  0.556E-05  0.825E-05  0.772E-04  0.208E-07  0.000E+00  0.000E+00  0.100E-04  0.000E+00  0.103E-03  0.385E-04  0.000E+00  0.320E+00  0.768E+01  0.937E-05  0.100E-09
  0.200E-01  0.124E-03  0.372E-04  0.712E-05  0.147E-04  0.868E-04  0.553E+02  0.100E-14  0.120E-09  0.640E-05  0.205E-06  0.867E-04  0.224E-07  0.000E+00  0.000E+00  0.100E-04  0.000E+00  0.200E-03  0.000E+00  0.000E+00  0.320E+00  0.765E+01  0.937E-05  0.100E-09
  0.300E-01  0.125E-03  0.374E-04  0.971E-07  0.200E-06  0.871E-04  0.553E+02  0.100E-14  0.120E-09  0.650E-05  0.288E-08  0.871E-04  0.224E-07  0.000E+00  0.000E+00  0.100E-04  0.000E+00  0.200E-03  0.000E+00  0.000E+00  0.320E+00  0.765E+01  0.937E-05  0.100E-09
  0.400E-01  0.125E-03  0.374E-04  0.971E-07  0.200E-06  0.872E-04  0.553E+02  0.100E-14  0.120E-09  0.648E-05  0.288E-08  0.871E-04  0.224E-07  0.000E+00  0.000E+00  0.100E-04  0.000E+00  0.200E-03  0.000E+00  0.000E+00  0.320E+00  0.765E+01  0.937E-05  0.100E-09
  0.500E-01  0.125E-03  0.374E-04  0.971E-07  0.200E-06  0.871E-04  0.553E+02  0.100E-14  0.120E-09  0.650E-05  0.288E-08  0.871E-04  0.224E-07  0.000E+00  0.000E+00  0.100E-04  0.000E+00  0.200E-03  0.000E+00  0.000E+00  0.320E+00  0.765E+01  0.937E-05  0.100E-09
  0.600E-01  0.125E-03  0.374E-04  0.971E-07  0.200E-06  0.871E-04  0.553E+02  0.100E-14  0.120E-09  0.650E-05  0.288E-08  0.871E-04  0.224E-07  0.000E+00  0.000E+00  0.100E-04  0.000E+00  0.200E-03  0.000E+00  0.000E+00  0.320E+00  0.765E+01  0.937E-05  0.100E-09
  0.700E-01  0.125E-03  0.374E-04  0.971E-07  0.200E-06  0.872E-04  0.553E+02  0.100E-14  0.120E-09  0.649E-05  0.288E-08  0.871E-04  0.224E-07  0.000E+00  0.000E+00  0.100E-04  0.000E+00  0.200E-03  0.000E+00  0.000E+00  0.320E+00  0.765E+01  0.937E-05  0.100E-09
  0.800E-01  0.125E-03  0.374E-04  0.971E-07  0.200E-06  0.871E-04  0.553E+02  0.100E-14  0.120E-09  0.650E-05  0.288E-08  0.871E-04  0.224E-07  0.000E+00  0.000E+00  0.100E-04  0.000E+00  0.200E-03  0.000E+00  0.000E+00  0.320E+00  0.765E+01  0.937E-05  0.100E-09
  0.900E-01  0.125E-03  0.374E-04  0.971E-07  0.200E-06  0.872E-04  0.553E+02  0.100E-14  0.120E-09  0.648E-05  0.288E-08  0.871E-04  0.224E-07  0.000E+00  0.000E+00  0.100E-04  0.000E+00  0.200E-03  0.000E+00  0.000E+00  0.320E+00  0.765E+01  0.937E-05  0.100E-09
  0.100E+00  0.124E-03  0.374E-04  0.971E-07  0.200E-06  0.871E-04  0.553E+02  0.100E-14  0.120E-09  0.651E-05  0.288E-08  0.871E-04  0.224E-07  0.000E+00  0.000E+00  0.100E-04  0.000E+00  0.200E-03  0.000E+00  0.000E+00  0.320E+00  0.765E+01  0.937E-05  0.100E-09
  0.110E+00  0.125E-03  0.374E-04  0.971E-07  0.200E-06  0.871E-04  0.553E+02  0.100E-14  0.120E-09  0.649E-05  0.288E-08  0.871E-04  0.224E-07  0.000E+00  0.000E+00  0.100E-04  0.000E+00  0.200E-03  0.000E+00  0.000E+00  0.320E+00  0.765E+01  0.937E-05  0.100E-09
  0.120E+00  0.125E-03  0.374E-04  0.971E-07  0.200E-06  0.872E-04  0.553E+02  0.100E-14  0.120E-09  0.649E-05  0.288E-08  0.871E-04  0.224E-07  0.000E+00  0.000E+00  0.100E-04  0.000E+00  0.200E-03  0.000E+00  0.000E+00  0.320E+00  0.765E+01  0.937E-05  0.100E-09
  0.130E+00  0.125E-03  0.374E-04  0.971E-07  0.200E-06  0.871E-04  0.553E+02  0.100E-14  0.120E-09  0.650E-05  0.288E-08  0.871E-04  0.224E-07  0.000E+00  0.000E+00  0.100E-04  0.000E+00  0.200E-03  0.000E+00  0.000E+00  0.320E+00  0.765E+01  0.937E-05  0.100E-09
  0.140E+00  0.125E-03  0.374E-04  0.971E-07  0.200E-06  0.871E-04  0.553E+02  0.100E-14  0.120E-09  0.649E-05  0.288E-08  0.871E-04  0.224E-07  0.000E+00  0.000E+00  0.100E-04  0.000E+00  0.200E-03  0.000E+00  0.000E+00  0.320E+00  0.765E+01  0.937E-05  0.100E-09
  0.150E+00  0.125E-03  0.374E-04  0.971E-07  0.200E-06  0.872E-04  0.553E+02  0.100E-14  0.120E-09  0.649E-05  0.288E-08  0.871E-04  0.224E-07  0.000E+00  0.000E+00  0.100E-04  0.000E+00  0.200E-03  0.000E+00  0.000E+00  0.320E+00  0.765E+01  0.937E-05  0.100E-09
  0.160E+00  0.124E-03  0.374E-04  0.971E-07  0.200E-06  0.871E-04  0.553E+02  0.100E-14  0.120E-09  0.652E-05  0.288E-08  0.870E-04  0.224E-07  0.000E+00  0.000E+00  0.100E-04  0.000E+00  0.200E-03  0.000E+00  0.000E+00  0.320E+00  0.765E+01  0.937E-05  0.100E-09
  0.170E+00  0.125E-03  0.374E-04  0.971E-07  0.200E-06  0.872E-04  0.553E+02  0.100E-14  0.120E-09  0.649E-05  0.288E-08  0.871E-04  0.224E-07  0.000E+00  0.000E+00  0.100E-04  0.000E+00  0.200E-03  0.000E+00  0.000E+00  0.320E+00  0.765E+01  0.937E-05  0.100E-09
  0.180E+00  0.124E-03  0.374E-04  0.972E-07  0.200E-06  0.871E-04  0.553E+02  0.100E-14  0.120E-09  0.651E-05  0.288E-08  0.871E-04  0.224E-07  0.000E+00  0.000E+00  0.100E-04  0.000E+00  0.200E-03  0.000E+00  0.000E+00  0.320E+00  0.765E+01  0.937E-05  0.100E-09
  0.190E+00  0.125E-03  0.374E-04  0.971E-07  0.200E-06  0.872E-04  0.553E+02  0.100E-14  0.120E-09  0.649E-05  0.288E-08  0.871E-04  0.224E-07  0.000E+00  0.000E+00  0.100E-04  0.000E+00  0.200E-03  0.000E+00  0.000E+00  0.320E+00  0.765E+01  0.937E-05  0.100E-09
  0.200E+00  0.125E-03  0.374E-04  0.971E-07  0.200E-06  0.871E-04  0.553E+02  0.100E-14  0.120E-09  0.649E-05  0.288E-08  0.871E-04  0.224E-07  0.000E+00  0.000E+00  0.100E-04  0.000E+00  0.200E-03  0.000E+00  0.000E+00  0.320E+00  0.765E+01  0.937E-05  0.100E-09
  0.210E+00  0.125E-03  0.374E-04  0.971E-07  0.200E-06  0.871E-04  0.553E+02  0.100E-14  0.120E-09  0.650E-05  0.288E-08  0.871E-04  0.224E-07  0.000E+00  0.000E+00  0.100E-04  0.000E+00  0.200E-03  0.000E+00  0.000E+00  0.320E+00  0.765E+01  0.937E-05  0.100E-09
  0.220E+00  0.125E-03  0.374E-04  0.971E-07  0.200E-06  0.872E-04  0.553E+02  0.100E-14  0.120E-09  0.648E-05  0.288E-08  0.871E-04  0.224E-07  0.000E+00  0.000E+00  0.100E-04  0.000E+00  0.200E-03  0.000E+00  0.000E+00  0.320E+00  0.765E+01  0.937E-05  0.100E-09
  0.230E+00  0.125E-03  0.374E-04  0.971E-07  0.200E-06  0.872E-04  0.553E+02  0.100E-14  0.120E-09  0.648E-05  0.288E-08  0.871E-04  0.224E-07  0.000E+00  0.000E+00  0.100E-04  0.000E+00  0.200E-03  0.000E+00  0.000E+00  0.320E+00  0.765E+01  0.937E-05  0.100E-09
  0.240E+00  0.125E-03  0.374E-04  0.971E-07  0.200E-06  0.871E-04  0.553E+02  0.100E-14  0.120E-09  0.650E-05  0.288E-08  0.871E-04  0.224E-07  0.000E+00  0.000E+00  0.100E-04  0.000E+00  0.200E-03  0.000E+00  0.000E+00  0.320E+00  0.765E+01  0.937E-05  0.100E-09
  0.250E+00  0.125E-03  0.374E-04  0.971E-07  0.200E-06  0.872E-04  0.553E+02  0.100E-14  0.120E-09  0.646E-05  0.288E-08  0.871E-04  0.224E-07  0.000E+00  0.000E+00  0.100E-04  0.000E+00  0.200E-03  0.000E+00  0.000E+00  0.320E+00  0.765E+01  0.937E-05  0.100E-09
  0.260E+00  0.124E-03  0.374E-04  0.971E-07  0.200E-06  0.871E-04  0.553E+02  0.100E-14  0.120E-09  0.650E-05  0.288E-08  0.871E-04  0.224E-07  0.000E+00  0.000E+00  0.100E-04  0.000E+00  0.200E-03  0.000E+00  0.000E+00  0.320E+00  0.765E+01  0.937E-05  0.100E-09
  0.270E+00  0.124E-03  0.374E-04  0.970E-07  0.200E-06  0.871E-04  0.553E+02  0.100E-14  0.120E-09  0.651E-05  0.288E-08  0.871E-04  0.224E-07  0.000E+00  0.000E+00  0.100E-04  0.000E+00  0.200E-03  0.000E+00  0.000E+00  0.320E+00  0.765E+01  0.937E-05  0.100E-09
  0.280E+00  0.125E-03  0.374E-04  0.971E-07  0.200E-06  0.872E-04  0.553E+02  0.100E-14  0.120E-09  0.646E-05  0.288E-08  0.871E-04  0.224E-07  0.000E+00  0.000E+00  0.100E-04  0.000E+00  0.200E-03  0.000E+00  0.000E+00  0.320E+00  0.765E+01  0.937E-05  0.100E-09
  0.290E+00  0.125E-03  0.374E-04  0.971E-07  0.200E-06  0.872E-04  0.553E+02  0.100E-14  0.120E-09  0.647E-05  0.288E-08  0.871E-04  0.224E-07  0.000E+00  0.000E+00  0.100E-04  0.000E+00  0.200E-03  0.000E+00  0.000E+00  0.320E+00  0.765E+01  0.937E-05  0.100E-09
  0.300E+00  0.125E-03  0.374E-04  0.971E-07  0.200E-06  0.871E-04  0.553E+02  0.100E-14  0.120E-09  0.650E-05  0.288E-08  0.871E-04  0.224E-07  0.000E+00  0.000E+00  0.100E-04  0.000E+00  0.200E-03  0.000E+00  0.000E+00  0.320E+00  0.765E+01  0.937E-05  0.100E-09
  0.310E+00  0.124E-03  0.374E-04  0.971E-07  0.200E-06  0.871E-04  0.553E+02  0.100E-14  0.120E-09  0.651E-05  0.288E-08  0.871E-04  0.224E-07  0.000E+00  0.000E+00  0.100E-04  0.000E+00  0.200E-03  0.000E+00  0.000E+00  0.320E+00  0.765E+01  0.937E-05  0.100E-09
  0.320E+00  0.125E-03  0.374E-04  0.971E-07  0.200E-06  0.872E-04  0.553E+02  0.100E-14  0.120E-09  0.648E-05  0.288E-08  0.871E-04  0.224E-07  0.000E+00  0.000E+00  0.100E-04  0.000E+00  0.200E-03  0.000E+00  0.000E+00  0.320E+00  0.765E+01  0.937E-05  0.100E-09
  0.330E+00  0.124E-03  0.374E-04  0.971E-07  0.200E-06  0.871E-04  0.553E+02  0.100E-14  0.120E-09  0.650E-05  0.288E-08  0.871E-04  0.224E-07  0.000E+00  0.000E+00  0.100E-04  0.000E+00  0.200E-03  0.000E+00  0.000E+00  0.320E+00  0.765E+01  0.937E-05  0.100E-09
  0.340E+00  0.125E-03  0.374E-04  0.971E-07  0.200E-06  0.871E-04  0.553E+02  0.100E-14  0.120E-09  0.650E-05  0.288E-08  0.871E-04  0.224E-07  0.000E+00  0.000E+00  0.100E-04  0.000E+00  0.200E-03  0.000E+00  0.000E+00  0.320E+00  0.765E+01  0.937E-05  0.100E-09
  0.350E+00  0.125E-03  0.374E-04  0.971E-07  0.200E-06  0.872E-04  0.553E+02  0.100E-14  0.120E-09  0.648E-05  0.288E-08  0.871E-04  0.224E-07  0.000E+00  0.000E+00  0.100E-04  0.000E+00  0.200E-03  0.000E+00  0.000E+00  0.320E+00  0.765E+01  0.937E-05  0.100E-09
  0.360E+00  0.125E-03  0.374E-04  0.971E-07  0.200E-06  0.871E-04  0.553E+02  0.100E-14  0.120E-09  0.650E-05  0.288E-08  0.871E-04  0.224E-07  0.000E+00  0.000E+00  0.100E-04  0.000E+00  0.200E-03  0.000E+00  0.000E+00  0.320E+00  0.765E+01  0.937E-05  0.100E-09
  0.370E+00  0.125E-03  0.374E-04  0.971E-07  0.200E-06  0.871E-04  0.553E+02  0.100E-14  0.120E-09  0.649E-05  0.288E-08  0.871E-04  0.224E-07  0.000E+00  0.000E+00  0.100E-04  0.000E+00  0.200E-03  0.000E+00  0.000E+00  0.320E+00  0.765E+01  0.937E-05  0.100E-09
  0.380E+00  0.125E-03  0.374E-04  0.971E-07  0.200E-06  0.871E-04  0.553E+02  0.100E-14  0.120E-09  0.649E-05  0.288E-08  0.871E-04  0.224E-07  0.000E+00  0.000E+00  0.100E-04  0.000E+00  0.200E-03  0.000E+00  0.000E+00  0.320E+00  0.765E+01  0.937E-05  0.100E-09
  0.390E+00  0.125E-03  0.374E-04  0.971E-07  0.200E-06  0.871E-04  0.553E+02  0.100E-14  0.120E-09  0.649E-05  0.288E-08  0.871E-04  0.224E-07  0.000E+00  0.000E+00  0.100E-04  0.000E+00  0.200E-03  0.000E+00  0.000E+00  0.320E+00  0.765E+01  0.937E-05  0.100E-09
  0.400E+00  0.124E-03  0.374E-04  0.971E-07  0.200E-06  0.871E-04  0.553E+02  0.100E-14  0.120E-09  0.652E-05  0.288E-08  0.871E-04  0.224E-07  0.000E+00  0.000E+00  0.100E-04  0.000E+00  0.200E-03  0.000E+00  0.000E+00  0.320E+00  0.765E+01  0.937E-05  0.100E-09
  0.410E+00  0.124E-03  0.374E-04  0.971E-07  0.200E-06  0.871E-04  0.553E+02  0.100E-14  0.120E-09  0.652E-05  0.288E-08  0.871E-04  0.224E-07  0.000E+00  0.000E+00  0.100E-04  0.000E+00  0.200E-03  0.000E+00  0.000E+00  0.320E+00  0.765E+01  0.937E-05  0.100E-09
  0.420E+00  0.125E-03  0.374E-04  0.971E-07  0.200E-06  0.872E-04  0.553E+02  0.100E-14  0.120E-09  0.646E-05  0.288E-08  0.871E-04  0.224E-07  0.000E+00  0.000E+00  0.100E-04  0.000E+00  0.200E-03  0.000E+00  0.000E+00  0.320E+00  0.765E+01  0.937E-05  0.100E-09
  0.430E+00  0.125E-03  0.374E-04  0.971E-07  0.200E-06  0.872E-04  0.553E+02  0.100E-14  0.120E-09  0.646E-05  0.288E-08  0.871E-04  0.224E-07  0.000E+00  0.000E+00  0.100E-04  0.000E+00  0.200E-03  0.000E+00  0.000E+00  0.320E+00  0.765E+01  0.937E-05  0.100E-09
  0.440E+00  0.125E-03  0.374E-04  0.971E-07  0.200E-06  0.871E-04  0.553E+02  0.100E-14  0.120E-09  0.649E-05  0.288E-08  0.871E-04  0.224E-07  0.000E+00  0.000E+00  0.100E-04  0.000E+00  0.200E-03  0.000E+00  0.000E+00  0.320E+00  0.765E+01  0.937E-05  0.100E-09
  0.450E+00  0.125E-03  0.374E-04  0.971E-07  0.200E-06  0.871E-04  0.553E+02  0.100E-14  0.120E-09  0.650E-05  0.288E-08  0.871E-04  0.224E-07  0.000E+00  0.000E+00  0.100E-04  0.000E+00  0.200E-03  0.000E+00  0.000E+00  0.320E+00  0.765E+01  0.937E-05  0.100E-09
  0.460E+00  0.125E-03  0.374E-04  0.971E-07  0.200E-06  0.871E-04  0.553E+02  0.100E-14  0.120E-09  0.650E-05  0.288E-08  0.871E-04  0.224E-07  0.000E+00  0.000E+00  0.100E-04  0.000E+00  0.200E-03  0.000E+00  0.000E+00  0.320E+00  0.765E+01  0.937E-05  0.100E-09
  0.470E+00  0.125E-03  0.374E-04  0.971E-07  0.200E-06  0.872E-04  0.553E+02  0.100E-14  0.120E-09  0.646E-05  0.288E-08  0.871E-04  0.224E-07  0.000E+00  0.000E+00  0.100E-04  0.000E+00  0.200E-03  0.000E+00  0.000E+00  0.320E+00  0.765E+01  0.937E-05  0.100E-09
  0.480E+00  0.125E-03  0.374E-04  0.971E-07  0.200E-06  0.871E-04  0.553E+02  0.100E-14  0.120E-09  0.649E-05  0.288E-08  0.871E-04  0.224E-07  0.000E+00  0.000E+00  0.100E-04  0.000E+00  0.200E-03  0.000E+00  0.000E+00  0.320E+00  0.765E+01  0.937E-05  0.100E-09
  0.490E+00  0.124E-03  0.374E-04  0.971E-07  0.200E-06  0.871E-04  0.553E+02  0.100E-14  0.120E-09  0.651E-05  0.288E-08  0.871E-04  0.224E-07  0.000E+00  0.000E+00  0.100E-04  0.000E+00  0.200E-03  0.000E+00  0.000E+00  0.320E+00  0.765E+01  0.937E-05  0.100E-09
  0.500E+00  0.118E-03  0.347E-04  0.100E-29  0.100E-29  0.794E-04  0.550E+02  0.100E-14  0.132E-09  0.576E-05  0.278E-31  0.834E-04  0.258E-07  0.258E-07  0.258E-07  0.258E-07  0.000E+00  0.200E-03  0.000E+00  0.000E+00  0.320E+00  0.759E+01  0.937E-05  0.100E-09
 time =     100.0000000000000      (s)   3.1688087814028956E-006 (J)
